0 0 
2.5e-05 0.05 
0.0001 0.1 
0.000225 0.15 
0.0004 0.2 
0.000625 0.25 
0.0009 0.3 
0.001225 0.35 
0.0016 0.4 
0.002025 0.45 
0.0025 0.5 
0.003025 0.55 
0.0036 0.6 
0.004225 0.65 
0.0049 0.7 
0.005625 0.75 
0.0064 0.8 
0.007225 0.85 
0.0081 0.9 
0.009025 0.95 
0.01 1 
0.011025 1.05 
0.0121 1.1 
0.013225 1.15 
0.0144 1.2 
0.015625 1.25 
0.0169 1.3 
0.018225 1.35 
0.0196 1.4 
0.021025 1.45 
0.0225 1.5 
0.024025 1.55 
0.0256 1.6 
0.027225 1.65 
0.0289 1.7 
0.030625 1.75 
0.0324 1.8 
0.034225 1.85 
0.0361 1.9 
0.038025 1.95 
0.04 2 
0.042025 2.05 
0.0441 2.1 
0.046225 2.15 
0.0484 2.2 
0.050625 2.25 
0.0529 2.3 
0.055225 2.35 
0.0576 2.4 
0.060025 2.45 
0.0625 2.5 
0.065025 2.55 
0.0676 2.6 
0.070225 2.65 
0.0729 2.7 
0.075625 2.75 
0.0784 2.8 
0.081225 2.85 
0.0841 2.9 
0.087025 2.95 
0.09 3 
0.093025 3.05 
0.0961 3.1 
0.099225 3.15 
0.1024 3.2 
0.105625 3.25 
0.1089 3.3 
0.112225 3.35 
0.1156 3.4 
0.119025 3.45 
0.1225 3.5 
0.126025 3.55 
0.1296 3.6 
0.133225 3.65 
0.1369 3.7 
0.140625 3.75 
0.1444 3.8 
0.148225 3.85 
0.1521 3.9 
0.156025 3.95 
0.16 4 
0.164025 4.05 
0.1681 4.1 
0.172225 4.15 
0.1764 4.2 
0.180625 4.25 
0.1849 4.3 
0.189225 4.35 
0.1936 4.4 
0.198025 4.45 
0.2025 4.5 
0.207025 4.55 
0.2116 4.6 
0.216225 4.65 
0.2209 4.7 
0.225625 4.75 
0.2304 4.8 
0.235225 4.85 
0.2401 4.9 
0.245025 4.95 
0.25 5 
0.255025 5.05 
0.2601 5.1 
0.265225 5.15 
0.2704 5.2 
0.275625 5.25 
0.2809 5.3 
0.286225 5.35 
0.2916 5.4 
0.297025 5.45 
0.3025 5.5 
0.308025 5.55 
0.3136 5.6 
0.319225 5.65 
0.3249 5.7 
0.330625 5.75 
0.3364 5.8 
0.342225 5.85 
0.3481 5.9 
0.354025 5.95 
0.36 6 
0.366025 6.05 
0.3721 6.1 
0.378225 6.15 
0.3844 6.2 
0.390625 6.25 
0.3969 6.3 
0.403225 6.35 
0.4096 6.4 
0.416025 6.45 
0.4225 6.5 
0.429025 6.55 
0.4356 6.6 
0.442225 6.65 
0.4489 6.7 
0.455625 6.75 
0.4624 6.8 
0.469225 6.85 
0.4761 6.9 
0.483025 6.95 
0.49 7 
0.497025 7.05 
0.504083 7.04214 
0.5111 6.99214 
0.518068 6.94214 
0.524985 6.89214 
0.531852 6.84214 
0.538669 6.79214 
0.545436 6.74214 
0.552153 6.69214 
0.55882 6.64214 
0.565437 6.59214 
0.572005 6.54214 
0.578522 6.49214 
0.584989 6.44214 
0.591406 6.39214 
0.597773 6.34214 
0.60409 6.29214 
0.610357 6.24214 
0.616575 6.19214 
0.622742 6.14214 
0.628859 6.09214 
0.634926 6.04214 
0.640943 5.99214 
0.64691 5.94214 
0.652827 5.89214 
0.658695 5.84214 
0.664512 5.79214 
0.670279 5.74214 
0.675996 5.69214 
0.681663 5.64214 
0.68728 5.59214 
0.692847 5.54214 
0.698364 5.49214 
0.703832 5.44214 
0.709249 5.39214 
0.714616 5.34214 
0.719933 5.29214 
0.7252 5.24214 
0.730417 5.19214 
0.735584 5.14214 
0.740702 5.09214 
0.745769 5.04214 
0.750786 4.99214 
0.755753 4.94214 
0.76067 4.89214 
0.765537 4.84214 
0.770354 4.79214 
0.775121 4.74214 
0.779839 4.69214 
0.784506 4.64214 
0.789123 4.59214 
0.79369 4.54214 
0.798207 4.49214 
0.802674 4.44214 
0.807091 4.39214 
0.811459 4.34214 
0.815776 4.29214 
0.820043 4.24214 
0.82426 4.19214 
0.828427 4.14214 
0.832544 4.09214 
0.836611 4.04214 
0.840629 3.99214 
0.844596 3.94214 
0.848513 3.89214 
0.85238 3.84214 
0.856197 3.79214 
0.859964 3.74214 
0.863681 3.69214 
0.867348 3.64214 
0.870966 3.59214 
0.874533 3.54214 
0.87805 3.49214 
0.881517 3.44214 
0.884934 3.39214 
0.888301 3.34214 
0.891618 3.29214 
0.894886 3.24214 
0.898103 3.19214 
0.90127 3.14214 
0.904387 3.09214 
0.907454 3.04214 
0.910471 2.99214 
0.913438 2.94214 
0.916356 2.89214 
0.919223 2.84214 
0.92204 2.79214 
0.924807 2.74214 
0.927524 2.69214 
0.930191 2.64214 
0.932808 2.59214 
0.935375 2.54214 
0.937893 2.49214 
0.94036 2.44214 
0.942777 2.39214 
0.945144 2.34214 
0.947461 2.29214 
0.949728 2.24214 
0.951945 2.19214 
0.954113 2.14214 
0.95623 2.09214 
0.958297 2.04214 
0.960314 1.99214 
0.962281 1.94214 
0.964198 1.89214 
0.966065 1.84214 
0.967882 1.79214 
0.96965 1.74214 
0.971367 1.69214 
0.973034 1.64214 
0.974651 1.59214 
0.976218 1.54214 
0.977735 1.49214 
0.979202 1.44214 
0.98062 1.39214 
0.981987 1.34214 
0.983304 1.29214 
0.984571 1.24214 
0.985788 1.19214 
0.986955 1.14214 
0.988072 1.09214 
0.98914 1.04214 
0.990157 0.992136 
0.991124 0.942136 
0.992041 0.892136 
0.992908 0.842136 
0.993725 0.792136 
0.994492 0.742136 
0.995209 0.692136 
0.995877 0.642136 
0.996494 0.592136 
0.997061 0.542136 
0.997578 0.492136 
0.998045 0.442136 
0.998462 0.392136 
0.998829 0.342136 
0.999147 0.292136 
0.999414 0.242136 
0.999631 0.192136 
0.999798 0.142136 
0.999915 0.0921356 
0.999982 0.0421356 
1 0 
