0 0 0 0 
3e-06 3e-06 0.006 0.006 
1.2e-05 1.2e-05 0.012 0.012 
2.7e-05 2.7e-05 0.018 0.018 
4.8e-05 4.8e-05 0.024 0.024 
7.5e-05 7.5e-05 0.03 0.03 
0.000108 0.000108 0.036 0.036 
0.000147 0.000147 0.042 0.042 
0.000192 0.000192 0.048 0.048 
0.000243 0.000243 0.054 0.054 
0.0003 0.0003 0.06 0.06 
0.000363 0.000363 0.066 0.066 
0.000432 0.000432 0.072 0.072 
0.000507 0.000507 0.078 0.078 
0.000588 0.000588 0.084 0.084 
0.000675 0.000675 0.09 0.09 
0.000768 0.000768 0.096 0.096 
0.000867 0.000867 0.102 0.102 
0.000972 0.000972 0.108 0.108 
0.001083 0.001083 0.114 0.114 
0.0012 0.0012 0.12 0.12 
0.001323 0.001323 0.126 0.126 
0.001452 0.001452 0.132 0.132 
0.001587 0.001587 0.138 0.138 
0.001728 0.001728 0.144 0.144 
0.001875 0.001875 0.15 0.15 
0.002028 0.002028 0.156 0.156 
0.002187 0.002187 0.162 0.162 
0.002352 0.002352 0.168 0.168 
0.002523 0.002523 0.174 0.174 
0.0027 0.0027 0.18 0.18 
0.002883 0.002883 0.186 0.186 
0.003072 0.003072 0.192 0.192 
0.003267 0.003267 0.198 0.198 
0.003468 0.003468 0.204 0.204 
0.003675 0.003675 0.21 0.21 
0.003888 0.003888 0.216 0.216 
0.004107 0.004107 0.222 0.222 
0.004332 0.004332 0.228 0.228 
0.004563 0.004563 0.234 0.234 
0.0048 0.0048 0.24 0.24 
0.005043 0.005043 0.246 0.246 
0.005292 0.005292 0.252 0.252 
0.005547 0.005547 0.258 0.258 
0.005808 0.005808 0.264 0.264 
0.006075 0.006075 0.27 0.27 
0.006348 0.006348 0.276 0.276 
0.006627 0.006627 0.282 0.282 
0.006912 0.006912 0.288 0.288 
0.007203 0.007203 0.294 0.294 
0.0075 0.0075 0.3 0.3 
0.007803 0.007803 0.306 0.306 
0.008112 0.008112 0.312 0.312 
0.008427 0.008427 0.318 0.318 
0.008748 0.008748 0.324 0.324 
0.009075 0.009075 0.33 0.33 
0.009408 0.009408 0.336 0.336 
0.009747 0.009747 0.342 0.342 
0.010092 0.010092 0.348 0.348 
0.010443 0.010443 0.354 0.354 
0.0108 0.0108 0.36 0.36 
0.011163 0.011163 0.366 0.366 
0.011532 0.011532 0.372 0.372 
0.011907 0.011907 0.378 0.378 
0.012288 0.012288 0.384 0.384 
0.012675 0.012675 0.39 0.39 
0.013068 0.013068 0.396 0.396 
0.013467 0.013467 0.402 0.402 
0.013872 0.013872 0.408 0.408 
0.014283 0.014283 0.414 0.414 
0.0147 0.0147 0.42 0.42 
0.015123 0.015123 0.426 0.426 
0.015552 0.015552 0.432 0.432 
0.015987 0.015987 0.438 0.438 
0.016428 0.016428 0.444 0.444 
0.016875 0.016875 0.45 0.45 
0.017328 0.017328 0.456 0.456 
0.017787 0.017787 0.462 0.462 
0.018252 0.018252 0.468 0.468 
0.018723 0.018723 0.474 0.474 
0.0192 0.0192 0.48 0.48 
0.019683 0.019683 0.486 0.486 
0.020172 0.020172 0.492 0.492 
0.020667 0.020667 0.498 0.498 
0.021168 0.021168 0.504 0.504 
0.021675 0.021675 0.51 0.51 
0.022188 0.022188 0.516 0.516 
0.022707 0.022707 0.522 0.522 
0.023232 0.023232 0.528 0.528 
0.023763 0.023763 0.534 0.534 
0.0243 0.0243 0.54 0.54 
0.024843 0.024843 0.546 0.546 
0.025392 0.025392 0.552 0.552 
0.025947 0.025947 0.558 0.558 
0.026508 0.026508 0.564 0.564 
0.027075 0.027075 0.57 0.57 
0.027648 0.027648 0.576 0.576 
0.028227 0.028227 0.582 0.582 
0.028812 0.028812 0.588 0.588 
0.029403 0.029403 0.594 0.594 
0.03 0.03 0.6 0.6 
0.030603 0.030603 0.606 0.606 
0.031212 0.031212 0.612 0.612 
0.031827 0.031827 0.618 0.618 
0.032448 0.032448 0.624 0.624 
0.033075 0.033075 0.63 0.63 
0.033708 0.033708 0.636 0.636 
0.034347 0.034347 0.642 0.642 
0.034992 0.034992 0.648 0.648 
0.035643 0.035643 0.654 0.654 
0.0363 0.0363 0.66 0.66 
0.036963 0.036963 0.666 0.666 
0.037632 0.037632 0.672 0.672 
0.038307 0.038307 0.678 0.678 
0.038988 0.038988 0.684 0.684 
0.039675 0.039675 0.69 0.69 
0.040368 0.040368 0.696 0.696 
0.041067 0.041067 0.702 0.702 
0.041772 0.041772 0.708 0.708 
0.042483 0.042483 0.714 0.714 
0.0432 0.0432 0.72 0.72 
0.043923 0.043923 0.726 0.726 
0.044652 0.044652 0.732 0.732 
0.045387 0.045387 0.738 0.738 
0.046128 0.046128 0.744 0.744 
0.046875 0.046875 0.75 0.75 
0.047628 0.047628 0.756 0.756 
0.048387 0.048387 0.762 0.762 
0.049152 0.049152 0.768 0.768 
0.049923 0.049923 0.774 0.774 
0.0507 0.0507 0.78 0.78 
0.051483 0.051483 0.786 0.786 
0.052272 0.052272 0.792 0.792 
0.053067 0.053067 0.798 0.798 
0.053868 0.053868 0.804 0.804 
0.054675 0.054675 0.81 0.81 
0.055488 0.055488 0.816 0.816 
0.056307 0.056307 0.822 0.822 
0.057132 0.057132 0.828 0.828 
0.057963 0.057963 0.834 0.834 
0.0588 0.0588 0.84 0.84 
0.059643 0.059643 0.846 0.846 
0.060492 0.060492 0.852 0.852 
0.061347 0.061347 0.858 0.858 
0.062208 0.062208 0.864 0.864 
0.063075 0.063075 0.87 0.87 
0.063948 0.063948 0.876 0.876 
0.064827 0.064827 0.882 0.882 
0.065712 0.065712 0.888 0.888 
0.066603 0.066603 0.894 0.894 
0.0675 0.0675 0.9 0.9 
0.068403 0.068403 0.906 0.906 
0.069312 0.069312 0.912 0.912 
0.070227 0.070227 0.918 0.918 
0.071148 0.071148 0.924 0.924 
0.072075 0.072075 0.93 0.93 
0.073008 0.073008 0.936 0.936 
0.073947 0.073947 0.942 0.942 
0.074892 0.074892 0.948 0.948 
0.075843 0.075843 0.954 0.954 
0.0768 0.0768 0.96 0.96 
0.077763 0.077763 0.966 0.966 
0.078732 0.078732 0.972 0.972 
0.079707 0.079707 0.978 0.978 
0.080688 0.080688 0.984 0.984 
0.081675 0.081675 0.99 0.99 
0.082668 0.082668 0.996 0.996 
0.083667 0.083667 1.002 1.002 
0.084672 0.084672 1.008 1.008 
0.085683 0.085683 1.014 1.014 
0.0867 0.0867 1.02 1.02 
0.087723 0.087723 1.026 1.026 
0.088752 0.088752 1.032 1.032 
0.089787 0.089787 1.038 1.038 
0.090828 0.090828 1.044 1.044 
0.091875 0.091875 1.05 1.05 
0.092928 0.092928 1.056 1.056 
0.093987 0.093987 1.062 1.062 
0.095052 0.095052 1.068 1.068 
0.096123 0.096123 1.074 1.074 
0.0972 0.0972 1.08 1.08 
0.098283 0.098283 1.086 1.086 
0.099372 0.099372 1.092 1.092 
0.100467 0.100467 1.098 1.098 
0.101568 0.101568 1.104 1.104 
0.102675 0.102675 1.11 1.11 
0.103788 0.103788 1.116 1.116 
0.104907 0.104907 1.122 1.122 
0.106032 0.106032 1.128 1.128 
0.107163 0.107163 1.134 1.134 
0.1083 0.1083 1.14 1.14 
0.109443 0.109443 1.146 1.146 
0.110592 0.110592 1.152 1.152 
0.111747 0.111747 1.158 1.158 
0.112908 0.112908 1.164 1.164 
0.114075 0.114075 1.17 1.17 
0.115248 0.115248 1.176 1.176 
0.116427 0.116427 1.182 1.182 
0.117612 0.117612 1.188 1.188 
0.118803 0.118803 1.194 1.194 
0.12 0.12 1.2 1.2 
0.121203 0.121203 1.206 1.206 
0.122412 0.122412 1.212 1.212 
0.123627 0.123627 1.218 1.218 
0.124848 0.124848 1.224 1.224 
0.126075 0.126075 1.23 1.23 
0.127308 0.127308 1.236 1.236 
0.128547 0.128547 1.242 1.242 
0.129792 0.129792 1.248 1.248 
0.131043 0.131043 1.254 1.254 
0.1323 0.1323 1.26 1.26 
0.133563 0.133563 1.266 1.266 
0.134832 0.134832 1.272 1.272 
0.136107 0.136107 1.278 1.278 
0.137388 0.137388 1.284 1.284 
0.138675 0.138675 1.29 1.29 
0.139968 0.139968 1.296 1.296 
0.141267 0.141267 1.302 1.302 
0.142572 0.142572 1.308 1.308 
0.143883 0.143883 1.314 1.314 
0.1452 0.1452 1.32 1.32 
0.146523 0.146523 1.326 1.326 
0.147852 0.147852 1.332 1.332 
0.149187 0.149187 1.338 1.338 
0.150528 0.150528 1.344 1.344 
0.151875 0.151875 1.35 1.35 
0.153228 0.153228 1.356 1.356 
0.154587 0.154587 1.362 1.362 
0.155952 0.155952 1.368 1.368 
0.157323 0.157323 1.374 1.374 
0.1587 0.1587 1.38 1.38 
0.160083 0.160083 1.386 1.386 
0.161472 0.161472 1.392 1.392 
0.162867 0.162867 1.398 1.398 
0.164268 0.164268 1.404 1.404 
0.165675 0.165675 1.41 1.41 
0.167088 0.167088 1.416 1.416 
0.168507 0.168507 1.422 1.422 
0.169932 0.169932 1.428 1.428 
0.171363 0.171363 1.434 1.434 
0.1728 0.1728 1.44 1.44 
0.174243 0.174243 1.446 1.446 
0.175692 0.175692 1.452 1.452 
0.177147 0.177147 1.458 1.458 
0.178608 0.178608 1.464 1.464 
0.180075 0.180075 1.47 1.47 
0.181548 0.181548 1.476 1.476 
0.183027 0.183027 1.482 1.482 
0.184512 0.184512 1.488 1.488 
0.186003 0.186003 1.494 1.494 
0.1875 0.1875 1.5 1.5 
0.189003 0.189003 1.506 1.506 
0.190512 0.190512 1.512 1.512 
0.192027 0.192027 1.518 1.518 
0.193548 0.193548 1.524 1.524 
0.195075 0.195075 1.53 1.53 
0.196608 0.196608 1.536 1.536 
0.198147 0.198147 1.542 1.542 
0.199692 0.199692 1.548 1.548 
0.201243 0.201243 1.554 1.554 
0.2028 0.2028 1.56 1.56 
0.204363 0.204363 1.566 1.566 
0.205932 0.205932 1.572 1.572 
0.207507 0.207507 1.578 1.578 
0.209088 0.209088 1.584 1.584 
0.210675 0.210675 1.59 1.59 
0.212268 0.212268 1.596 1.596 
0.213867 0.213867 1.602 1.602 
0.215472 0.215472 1.608 1.608 
0.217083 0.217083 1.614 1.614 
0.2187 0.2187 1.62 1.62 
0.220323 0.220323 1.626 1.626 
0.221952 0.221952 1.632 1.632 
0.223587 0.223587 1.638 1.638 
0.225228 0.225228 1.644 1.644 
0.226875 0.226875 1.65 1.65 
0.228528 0.228528 1.656 1.656 
0.230187 0.230187 1.662 1.662 
0.231852 0.231852 1.668 1.668 
0.233523 0.233523 1.674 1.674 
0.2352 0.2352 1.68 1.68 
0.236883 0.236883 1.686 1.686 
0.238572 0.238572 1.692 1.692 
0.240267 0.240267 1.698 1.698 
0.241968 0.241968 1.704 1.704 
0.243675 0.243675 1.71 1.71 
0.245388 0.245388 1.716 1.716 
0.247107 0.247107 1.722 1.722 
0.248832 0.248832 1.728 1.728 
0.250563 0.250563 1.734 1.734 
0.2523 0.2523 1.74 1.74 
0.254043 0.254043 1.746 1.746 
0.255792 0.255792 1.752 1.752 
0.257547 0.257547 1.758 1.758 
0.259308 0.259308 1.764 1.764 
0.261075 0.261075 1.77 1.77 
0.262848 0.262848 1.776 1.776 
0.264627 0.264627 1.782 1.782 
0.266412 0.266412 1.788 1.788 
0.268203 0.268203 1.794 1.794 
0.27 0.27 1.8 1.8 
0.271803 0.271803 1.806 1.806 
0.273612 0.273612 1.812 1.812 
0.275427 0.275427 1.818 1.818 
0.277248 0.277248 1.824 1.824 
0.279075 0.279075 1.83 1.83 
0.280908 0.280908 1.836 1.836 
0.282747 0.282747 1.842 1.842 
0.284592 0.284592 1.848 1.848 
0.286443 0.286443 1.854 1.854 
0.2883 0.2883 1.86 1.86 
0.290163 0.290163 1.866 1.866 
0.292032 0.292032 1.872 1.872 
0.293907 0.293907 1.878 1.878 
0.295788 0.295788 1.884 1.884 
0.297675 0.297675 1.89 1.89 
0.299568 0.299568 1.896 1.896 
0.301467 0.301467 1.902 1.902 
0.303372 0.303372 1.908 1.908 
0.305283 0.305283 1.914 1.914 
0.3072 0.3072 1.92 1.92 
0.309123 0.309123 1.926 1.926 
0.311052 0.311052 1.932 1.932 
0.312987 0.312987 1.938 1.938 
0.314928 0.314928 1.944 1.944 
0.316875 0.316875 1.95 1.95 
0.318828 0.318828 1.956 1.956 
0.320787 0.320787 1.962 1.962 
0.322752 0.322752 1.968 1.968 
0.324723 0.324723 1.974 1.974 
0.3267 0.3267 1.98 1.98 
0.328683 0.328683 1.986 1.986 
0.330672 0.330672 1.992 1.992 
0.332667 0.332667 1.998 1.998 
0.334668 0.334668 2.004 2.004 
0.336675 0.336675 2.01 2.01 
0.338688 0.338688 2.016 2.016 
0.340707 0.340707 2.022 2.022 
0.342732 0.342732 2.028 2.028 
0.344763 0.344763 2.034 2.034 
0.3468 0.3468 2.04 2.04 
0.348843 0.348843 2.046 2.046 
0.350892 0.350892 2.052 2.052 
0.352947 0.352947 2.058 2.058 
0.355008 0.355008 2.064 2.064 
0.357075 0.357075 2.07 2.07 
0.359148 0.359148 2.076 2.076 
0.361227 0.361227 2.082 2.082 
0.363312 0.363312 2.088 2.088 
0.365403 0.365403 2.094 2.094 
0.3675 0.3675 2.1 2.1 
0.369603 0.369603 2.106 2.106 
0.371712 0.371712 2.112 2.112 
0.373827 0.373827 2.118 2.118 
0.375948 0.375948 2.124 2.124 
0.378075 0.378075 2.13 2.13 
0.380208 0.380208 2.136 2.136 
0.382347 0.382347 2.142 2.142 
0.384492 0.384492 2.148 2.148 
0.386643 0.386643 2.154 2.154 
0.3888 0.3888 2.16 2.16 
0.390963 0.390963 2.166 2.166 
0.393132 0.393132 2.172 2.172 
0.395307 0.395307 2.178 2.178 
0.397488 0.397488 2.184 2.184 
0.399675 0.399675 2.19 2.19 
0.401868 0.401868 2.196 2.196 
0.404067 0.404067 2.202 2.202 
0.406272 0.406272 2.208 2.208 
0.408483 0.408483 2.214 2.214 
0.4107 0.4107 2.22 2.22 
0.412923 0.412923 2.226 2.226 
0.415152 0.415152 2.232 2.232 
0.417387 0.417387 2.238 2.238 
0.419628 0.419628 2.244 2.244 
0.421875 0.421875 2.25 2.25 
0.424128 0.424128 2.256 2.256 
0.426387 0.426387 2.262 2.262 
0.428652 0.428652 2.268 2.268 
0.430923 0.430923 2.274 2.274 
0.4332 0.4332 2.28 2.28 
0.435483 0.435483 2.286 2.286 
0.437772 0.437772 2.292 2.292 
0.440067 0.440067 2.298 2.298 
0.442368 0.442368 2.304 2.304 
0.444675 0.444675 2.31 2.31 
0.446988 0.446988 2.316 2.316 
0.449307 0.449307 2.322 2.322 
0.451632 0.451632 2.328 2.328 
0.453963 0.453963 2.334 2.334 
0.4563 0.4563 2.34 2.34 
0.458643 0.458643 2.346 2.346 
0.460992 0.460992 2.352 2.352 
0.463347 0.463347 2.358 2.358 
0.465708 0.465708 2.364 2.364 
0.468075 0.468075 2.37 2.37 
0.470448 0.470448 2.376 2.376 
0.472827 0.472827 2.382 2.382 
0.475212 0.475212 2.388 2.388 
0.477603 0.477603 2.394 2.394 
0.48 0.48 2.4 2.4 
0.482403 0.482403 2.406 2.406 
0.484812 0.484812 2.412 2.412 
0.487227 0.487227 2.418 2.418 
0.489648 0.489648 2.424 2.424 
0.492075 0.492075 2.43 2.43 
0.494508 0.494508 2.436 2.436 
0.496947 0.496947 2.442 2.442 
0.499392 0.499392 2.448 2.448 
0.501843 0.501843 2.454 2.454 
0.5043 0.5043 2.46 2.46 
0.506763 0.506763 2.466 2.466 
0.509232 0.509232 2.472 2.472 
0.511707 0.511707 2.478 2.478 
0.514188 0.514188 2.484 2.484 
0.516675 0.516675 2.49 2.49 
0.519168 0.519168 2.496 2.496 
0.521667 0.521667 2.502 2.502 
0.524172 0.524172 2.508 2.508 
0.526683 0.526683 2.514 2.514 
0.5292 0.5292 2.52 2.52 
0.531723 0.531723 2.526 2.526 
0.534252 0.534252 2.532 2.532 
0.536787 0.536787 2.538 2.538 
0.539328 0.539328 2.544 2.544 
0.541875 0.541875 2.55 2.55 
0.544428 0.544428 2.556 2.556 
0.546987 0.546987 2.562 2.562 
0.549552 0.549552 2.568 2.568 
0.552123 0.552123 2.574 2.574 
0.5547 0.5547 2.58 2.58 
0.557283 0.557283 2.586 2.586 
0.559872 0.559872 2.592 2.592 
0.562467 0.562467 2.598 2.598 
0.565068 0.565068 2.604 2.604 
0.567675 0.567675 2.61 2.61 
0.570288 0.570288 2.616 2.616 
0.572907 0.572907 2.622 2.622 
0.575532 0.575532 2.628 2.628 
0.578163 0.578163 2.634 2.634 
0.5808 0.5808 2.64 2.64 
0.583443 0.583443 2.646 2.646 
0.586092 0.586092 2.652 2.652 
0.588747 0.588747 2.658 2.658 
0.591408 0.591408 2.664 2.664 
0.594075 0.594075 2.67 2.67 
0.596748 0.596748 2.676 2.676 
0.599427 0.599427 2.682 2.682 
0.602112 0.602112 2.688 2.688 
0.604803 0.604803 2.694 2.694 
0.6075 0.6075 2.7 2.7 
0.610203 0.610203 2.706 2.706 
0.612912 0.612912 2.712 2.712 
0.615627 0.615627 2.718 2.718 
0.618348 0.618348 2.724 2.724 
0.621075 0.621075 2.73 2.73 
0.623808 0.623808 2.736 2.736 
0.626547 0.626547 2.742 2.742 
0.629292 0.629292 2.748 2.748 
0.632043 0.632043 2.754 2.754 
0.6348 0.6348 2.76 2.76 
0.637563 0.637563 2.766 2.766 
0.640332 0.640332 2.772 2.772 
0.643107 0.643107 2.778 2.778 
0.645888 0.645888 2.784 2.784 
0.648675 0.648675 2.79 2.79 
0.651468 0.651468 2.796 2.796 
0.654267 0.654267 2.802 2.802 
0.657072 0.657072 2.808 2.808 
0.659883 0.659883 2.814 2.814 
0.6627 0.6627 2.82 2.82 
0.665523 0.665523 2.826 2.826 
0.668352 0.668352 2.832 2.832 
0.671187 0.671187 2.838 2.838 
0.674028 0.674028 2.844 2.844 
0.676875 0.676875 2.85 2.85 
0.679728 0.679728 2.856 2.856 
0.682587 0.682587 2.862 2.862 
0.685452 0.685452 2.868 2.868 
0.688323 0.688323 2.874 2.874 
0.6912 0.6912 2.88 2.88 
0.694083 0.694083 2.886 2.886 
0.696972 0.696972 2.892 2.892 
0.699867 0.699867 2.898 2.898 
0.702768 0.702768 2.904 2.904 
0.705675 0.705675 2.91 2.91 
0.708588 0.708588 2.916 2.916 
0.711507 0.711507 2.922 2.922 
0.714432 0.714432 2.928 2.928 
0.717363 0.717363 2.934 2.934 
0.7203 0.7203 2.94 2.94 
0.723243 0.723243 2.946 2.946 
0.726192 0.726192 2.952 2.952 
0.729147 0.729147 2.958 2.958 
0.732108 0.732108 2.964 2.964 
0.735075 0.735075 2.97 2.97 
0.738048 0.738048 2.976 2.976 
0.741027 0.741027 2.982 2.982 
0.744012 0.744012 2.988 2.988 
0.747003 0.747003 2.994 2.994 
0.75 0.75 3 3 
0.753 0.753 3 3 
0.756 0.756 3 3 
0.759 0.759 3 3 
0.762 0.762 3 3 
0.765 0.765 3 3 
0.768 0.768 3 3 
0.771 0.771 3 3 
0.774 0.774 3 3 
0.777 0.777 3 3 
0.78 0.78 3 3 
0.783 0.783 3 3 
0.786 0.786 3 3 
0.789 0.789 3 3 
0.792 0.792 3 3 
0.795 0.795 3 3 
0.798 0.798 3 3 
0.801 0.801 3 3 
0.804 0.804 3 3 
0.807 0.807 3 3 
0.81 0.81 3 3 
0.813 0.813 3 3 
0.816 0.816 3 3 
0.819 0.819 3 3 
0.822 0.822 3 3 
0.825 0.825 3 3 
0.828 0.828 3 3 
0.831 0.831 3 3 
0.834 0.834 3 3 
0.837 0.837 3 3 
0.84 0.84 3 3 
0.843 0.843 3 3 
0.846 0.846 3 3 
0.849 0.849 3 3 
0.852 0.852 3 3 
0.855 0.855 3 3 
0.858 0.858 3 3 
0.861 0.861 3 3 
0.864 0.864 3 3 
0.867 0.867 3 3 
0.87 0.87 3 3 
0.873 0.873 3 3 
0.876 0.876 3 3 
0.879 0.879 3 3 
0.882 0.882 3 3 
0.885 0.885 3 3 
0.888 0.888 3 3 
0.891 0.891 3 3 
0.894 0.894 3 3 
0.897 0.897 3 3 
0.9 0.9 3 3 
0.903 0.903 3 3 
0.906 0.906 3 3 
0.909 0.909 3 3 
0.912 0.912 3 3 
0.915 0.915 3 3 
0.918 0.918 3 3 
0.921 0.921 3 3 
0.924 0.924 3 3 
0.927 0.927 3 3 
0.93 0.93 3 3 
0.933 0.933 3 3 
0.936 0.936 3 3 
0.939 0.939 3 3 
0.942 0.942 3 3 
0.945 0.945 3 3 
0.948 0.948 3 3 
0.951 0.951 3 3 
0.954 0.954 3 3 
0.957 0.957 3 3 
0.96 0.96 3 3 
0.963 0.963 3 3 
0.966 0.966 3 3 
0.969 0.969 3 3 
0.972 0.972 3 3 
0.975 0.975 3 3 
0.978 0.978 3 3 
0.981 0.981 3 3 
0.984 0.984 3 3 
0.987 0.987 3 3 
0.99 0.99 3 3 
0.993 0.993 3 3 
0.996 0.996 3 3 
0.999 0.999 3 3 
1.002 1.002 3 3 
1.005 1.005 3 3 
1.008 1.008 3 3 
1.011 1.011 3 3 
1.014 1.014 3 3 
1.017 1.017 3 3 
1.02 1.02 3 3 
1.023 1.023 3 3 
1.026 1.026 3 3 
1.029 1.029 3 3 
1.032 1.032 3 3 
1.035 1.035 3 3 
1.038 1.038 3 3 
1.041 1.041 3 3 
1.044 1.044 3 3 
1.047 1.047 3 3 
1.05 1.05 3 3 
1.053 1.053 3 3 
1.056 1.056 3 3 
1.059 1.059 3 3 
1.062 1.062 3 3 
1.065 1.065 3 3 
1.068 1.068 3 3 
1.071 1.071 3 3 
1.074 1.074 3 3 
1.077 1.077 3 3 
1.08 1.08 3 3 
1.083 1.083 3 3 
1.086 1.086 3 3 
1.089 1.089 3 3 
1.092 1.092 3 3 
1.095 1.095 3 3 
1.098 1.098 3 3 
1.101 1.101 3 3 
1.104 1.104 3 3 
1.107 1.107 3 3 
1.11 1.11 3 3 
1.113 1.113 3 3 
1.116 1.116 3 3 
1.119 1.119 3 3 
1.122 1.122 3 3 
1.125 1.125 3 3 
1.128 1.128 3 3 
1.131 1.131 3 3 
1.134 1.134 3 3 
1.137 1.137 3 3 
1.14 1.14 3 3 
1.143 1.143 3 3 
1.146 1.146 3 3 
1.149 1.149 3 3 
1.152 1.152 3 3 
1.155 1.155 3 3 
1.158 1.158 3 3 
1.161 1.161 3 3 
1.164 1.164 3 3 
1.167 1.167 3 3 
1.17 1.17 3 3 
1.173 1.173 3 3 
1.176 1.176 3 3 
1.179 1.179 3 3 
1.182 1.182 3 3 
1.185 1.185 3 3 
1.188 1.188 3 3 
1.191 1.191 3 3 
1.194 1.194 3 3 
1.197 1.197 3 3 
1.2 1.2 3 3 
1.203 1.203 3 3 
1.206 1.206 3 3 
1.209 1.209 3 3 
1.212 1.212 3 3 
1.215 1.215 3 3 
1.218 1.218 3 3 
1.221 1.221 3 3 
1.224 1.224 3 3 
1.227 1.227 3 3 
1.23 1.23 3 3 
1.233 1.233 3 3 
1.236 1.236 3 3 
1.239 1.239 3 3 
1.242 1.242 3 3 
1.245 1.245 3 3 
1.248 1.248 3 3 
1.251 1.251 3 3 
1.254 1.254 3 3 
1.257 1.257 3 3 
1.26 1.26 3 3 
1.263 1.263 3 3 
1.266 1.266 3 3 
1.269 1.269 3 3 
1.272 1.272 3 3 
1.275 1.275 3 3 
1.278 1.278 3 3 
1.281 1.281 3 3 
1.284 1.284 3 3 
1.287 1.287 3 3 
1.29 1.29 3 3 
1.293 1.293 3 3 
1.296 1.296 3 3 
1.299 1.299 3 3 
1.302 1.302 3 3 
1.305 1.305 3 3 
1.308 1.308 3 3 
1.311 1.311 3 3 
1.314 1.314 3 3 
1.317 1.317 3 3 
1.32 1.32 3 3 
1.323 1.323 3 3 
1.326 1.326 3 3 
1.329 1.329 3 3 
1.332 1.332 3 3 
1.335 1.335 3 3 
1.338 1.338 3 3 
1.341 1.341 3 3 
1.344 1.344 3 3 
1.347 1.347 3 3 
1.35 1.35 3 3 
1.353 1.353 3 3 
1.356 1.356 3 3 
1.359 1.359 3 3 
1.362 1.362 3 3 
1.365 1.365 3 3 
1.368 1.368 3 3 
1.371 1.371 3 3 
1.374 1.374 3 3 
1.377 1.377 3 3 
1.38 1.38 3 3 
1.383 1.383 3 3 
1.386 1.386 3 3 
1.389 1.389 3 3 
1.392 1.392 3 3 
1.395 1.395 3 3 
1.398 1.398 3 3 
1.401 1.401 3 3 
1.404 1.404 3 3 
1.407 1.407 3 3 
1.41 1.41 3 3 
1.413 1.413 3 3 
1.416 1.416 3 3 
1.419 1.419 3 3 
1.422 1.422 3 3 
1.425 1.425 3 3 
1.428 1.428 3 3 
1.431 1.431 3 3 
1.434 1.434 3 3 
1.437 1.437 3 3 
1.44 1.44 3 3 
1.443 1.443 3 3 
1.446 1.446 3 3 
1.449 1.449 3 3 
1.452 1.452 3 3 
1.455 1.455 3 3 
1.458 1.458 3 3 
1.461 1.461 3 3 
1.464 1.464 3 3 
1.467 1.467 3 3 
1.47 1.47 3 3 
1.473 1.473 3 3 
1.476 1.476 3 3 
1.479 1.479 3 3 
1.482 1.482 3 3 
1.485 1.485 3 3 
1.488 1.488 3 3 
1.491 1.491 3 3 
1.494 1.494 3 3 
1.497 1.497 3 3 
1.5 1.5 3 3 
1.503 1.503 3 3 
1.506 1.506 3 3 
1.509 1.509 3 3 
1.512 1.512 3 3 
1.515 1.515 3 3 
1.518 1.518 3 3 
1.521 1.521 3 3 
1.524 1.524 3 3 
1.527 1.527 3 3 
1.53 1.53 3 3 
1.533 1.533 3 3 
1.536 1.536 3 3 
1.539 1.539 3 3 
1.542 1.542 3 3 
1.545 1.545 3 3 
1.548 1.548 3 3 
1.551 1.551 3 3 
1.554 1.554 3 3 
1.557 1.557 3 3 
1.56 1.56 3 3 
1.563 1.563 3 3 
1.566 1.566 3 3 
1.569 1.569 3 3 
1.572 1.572 3 3 
1.575 1.575 3 3 
1.578 1.578 3 3 
1.581 1.581 3 3 
1.584 1.584 3 3 
1.587 1.587 3 3 
1.59 1.59 3 3 
1.593 1.593 3 3 
1.596 1.596 3 3 
1.599 1.599 3 3 
1.602 1.602 3 3 
1.605 1.605 3 3 
1.608 1.608 3 3 
1.611 1.611 3 3 
1.614 1.614 3 3 
1.617 1.617 3 3 
1.62 1.62 3 3 
1.623 1.623 3 3 
1.626 1.626 3 3 
1.629 1.629 3 3 
1.632 1.632 3 3 
1.635 1.635 3 3 
1.638 1.638 3 3 
1.641 1.641 3 3 
1.644 1.644 3 3 
1.647 1.647 3 3 
1.65 1.65 3 3 
1.653 1.653 3 3 
1.656 1.656 3 3 
1.659 1.659 3 3 
1.662 1.662 3 3 
1.665 1.665 3 3 
1.668 1.668 3 3 
1.671 1.671 3 3 
1.674 1.674 3 3 
1.677 1.677 3 3 
1.68 1.68 3 3 
1.683 1.683 3 3 
1.686 1.686 3 3 
1.689 1.689 3 3 
1.692 1.692 3 3 
1.695 1.695 3 3 
1.698 1.698 3 3 
1.701 1.701 3 3 
1.704 1.704 3 3 
1.707 1.707 3 3 
1.71 1.71 3 3 
1.713 1.713 3 3 
1.716 1.716 3 3 
1.719 1.719 3 3 
1.722 1.722 3 3 
1.725 1.725 3 3 
1.728 1.728 3 3 
1.731 1.731 3 3 
1.734 1.734 3 3 
1.737 1.737 3 3 
1.74 1.74 3 3 
1.743 1.743 3 3 
1.746 1.746 3 3 
1.749 1.749 3 3 
1.752 1.752 3 3 
1.755 1.755 3 3 
1.758 1.758 3 3 
1.761 1.761 3 3 
1.764 1.764 3 3 
1.767 1.767 3 3 
1.77 1.77 3 3 
1.773 1.773 3 3 
1.776 1.776 3 3 
1.779 1.779 3 3 
1.782 1.782 3 3 
1.785 1.785 3 3 
1.788 1.788 3 3 
1.791 1.791 3 3 
1.794 1.794 3 3 
1.797 1.797 3 3 
1.8 1.8 3 3 
1.803 1.803 3 3 
1.806 1.806 3 3 
1.809 1.809 3 3 
1.812 1.812 3 3 
1.815 1.815 3 3 
1.818 1.818 3 3 
1.821 1.821 3 3 
1.824 1.824 3 3 
1.827 1.827 3 3 
1.83 1.83 3 3 
1.833 1.833 3 3 
1.836 1.836 3 3 
1.839 1.839 3 3 
1.842 1.842 3 3 
1.845 1.845 3 3 
1.848 1.848 3 3 
1.851 1.851 3 3 
1.854 1.854 3 3 
1.857 1.857 3 3 
1.86 1.86 3 3 
1.863 1.863 3 3 
1.866 1.866 3 3 
1.869 1.869 3 3 
1.872 1.872 3 3 
1.875 1.875 3 3 
1.878 1.878 3 3 
1.881 1.881 3 3 
1.884 1.884 3 3 
1.887 1.887 3 3 
1.89 1.89 3 3 
1.893 1.893 3 3 
1.896 1.896 3 3 
1.899 1.899 3 3 
1.902 1.902 3 3 
1.905 1.905 3 3 
1.908 1.908 3 3 
1.911 1.911 3 3 
1.914 1.914 3 3 
1.917 1.917 3 3 
1.92 1.92 3 3 
1.923 1.923 3 3 
1.926 1.926 3 3 
1.929 1.929 3 3 
1.932 1.932 3 3 
1.935 1.935 3 3 
1.938 1.938 3 3 
1.941 1.941 3 3 
1.944 1.944 3 3 
1.947 1.947 3 3 
1.95 1.95 3 3 
1.953 1.953 3 3 
1.956 1.956 3 3 
1.959 1.959 3 3 
1.962 1.962 3 3 
1.965 1.965 3 3 
1.968 1.968 3 3 
1.971 1.971 3 3 
1.974 1.974 3 3 
1.977 1.977 3 3 
1.98 1.98 3 3 
1.983 1.983 3 3 
1.986 1.986 3 3 
1.989 1.989 3 3 
1.992 1.992 3 3 
1.995 1.995 3 3 
1.998 1.998 3 3 
2.001 2.001 3 3 
2.004 2.004 3 3 
2.007 2.007 3 3 
2.01 2.01 3 3 
2.013 2.013 3 3 
2.016 2.016 3 3 
2.019 2.019 3 3 
2.022 2.022 3 3 
2.025 2.025 3 3 
2.028 2.028 3 3 
2.031 2.031 3 3 
2.034 2.034 3 3 
2.037 2.037 3 3 
2.04 2.04 3 3 
2.043 2.043 3 3 
2.046 2.046 3 3 
2.049 2.049 3 3 
2.052 2.052 3 3 
2.055 2.055 3 3 
2.058 2.058 3 3 
2.061 2.061 3 3 
2.064 2.064 3 3 
2.067 2.067 3 3 
2.07 2.07 3 3 
2.073 2.073 3 3 
2.076 2.076 3 3 
2.079 2.079 3 3 
2.082 2.082 3 3 
2.085 2.085 3 3 
2.088 2.088 3 3 
2.091 2.091 3 3 
2.094 2.094 3 3 
2.097 2.097 3 3 
2.1 2.1 3 3 
2.103 2.103 3 3 
2.106 2.106 3 3 
2.109 2.109 3 3 
2.112 2.112 3 3 
2.115 2.115 3 3 
2.118 2.118 3 3 
2.121 2.121 3 3 
2.124 2.124 3 3 
2.127 2.127 3 3 
2.13 2.13 3 3 
2.133 2.133 3 3 
2.136 2.136 3 3 
2.139 2.139 3 3 
2.142 2.142 3 3 
2.145 2.145 3 3 
2.148 2.148 3 3 
2.151 2.151 3 3 
2.154 2.154 3 3 
2.157 2.157 3 3 
2.16 2.16 3 3 
2.163 2.163 3 3 
2.166 2.166 3 3 
2.169 2.169 3 3 
2.172 2.172 3 3 
2.175 2.175 3 3 
2.178 2.178 3 3 
2.181 2.181 3 3 
2.184 2.184 3 3 
2.187 2.187 3 3 
2.19 2.19 3 3 
2.193 2.193 3 3 
2.196 2.196 3 3 
2.199 2.199 3 3 
2.202 2.202 3 3 
2.205 2.205 3 3 
2.208 2.208 3 3 
2.211 2.211 3 3 
2.214 2.214 3 3 
2.217 2.217 3 3 
2.22 2.22 3 3 
2.223 2.223 3 3 
2.226 2.226 3 3 
2.229 2.229 3 3 
2.232 2.232 3 3 
2.235 2.235 3 3 
2.238 2.238 3 3 
2.241 2.241 3 3 
2.244 2.244 3 3 
2.247 2.247 3 3 
2.25 2.25 3 3 
2.253 2.253 3 3 
2.256 2.256 3 3 
2.259 2.259 3 3 
2.262 2.262 3 3 
2.265 2.265 3 3 
2.268 2.268 3 3 
2.271 2.271 3 3 
2.274 2.274 3 3 
2.277 2.277 3 3 
2.28 2.28 3 3 
2.283 2.283 3 3 
2.286 2.286 3 3 
2.289 2.289 3 3 
2.292 2.292 3 3 
2.295 2.295 3 3 
2.298 2.298 3 3 
2.301 2.301 3 3 
2.304 2.304 3 3 
2.307 2.307 3 3 
2.31 2.31 3 3 
2.313 2.313 3 3 
2.316 2.316 3 3 
2.319 2.319 3 3 
2.322 2.322 3 3 
2.325 2.325 3 3 
2.328 2.328 3 3 
2.331 2.331 3 3 
2.334 2.334 3 3 
2.337 2.337 3 3 
2.34 2.34 3 3 
2.343 2.343 3 3 
2.346 2.346 3 3 
2.349 2.349 3 3 
2.352 2.352 3 3 
2.355 2.355 3 3 
2.358 2.358 3 3 
2.361 2.361 3 3 
2.364 2.364 3 3 
2.367 2.367 3 3 
2.37 2.37 3 3 
2.373 2.373 3 3 
2.376 2.376 3 3 
2.379 2.379 3 3 
2.382 2.382 3 3 
2.385 2.385 3 3 
2.388 2.388 3 3 
2.391 2.391 3 3 
2.394 2.394 3 3 
2.397 2.397 3 3 
2.4 2.4 3 3 
2.403 2.403 3 3 
2.406 2.406 3 3 
2.409 2.409 3 3 
2.412 2.412 3 3 
2.415 2.415 3 3 
2.418 2.418 3 3 
2.421 2.421 3 3 
2.424 2.424 3 3 
2.427 2.427 3 3 
2.43 2.43 3 3 
2.433 2.433 3 3 
2.436 2.436 3 3 
2.439 2.439 3 3 
2.442 2.442 3 3 
2.445 2.445 3 3 
2.448 2.448 3 3 
2.451 2.451 3 3 
2.454 2.454 3 3 
2.457 2.457 3 3 
2.46 2.46 3 3 
2.463 2.463 3 3 
2.466 2.466 3 3 
2.469 2.469 3 3 
2.472 2.472 3 3 
2.475 2.475 3 3 
2.478 2.478 3 3 
2.481 2.481 3 3 
2.484 2.484 3 3 
2.487 2.487 3 3 
2.49 2.49 3 3 
2.493 2.493 3 3 
2.496 2.496 3 3 
2.499 2.499 3 3 
2.502 2.502 3 3 
2.505 2.505 3 3 
2.508 2.508 3 3 
2.511 2.511 3 3 
2.514 2.514 3 3 
2.517 2.517 3 3 
2.52 2.52 3 3 
2.523 2.523 3 3 
2.526 2.526 3 3 
2.529 2.529 3 3 
2.532 2.532 3 3 
2.535 2.535 3 3 
2.538 2.538 3 3 
2.541 2.541 3 3 
2.544 2.544 3 3 
2.547 2.547 3 3 
2.55 2.55 3 3 
2.553 2.553 3 3 
2.556 2.556 3 3 
2.559 2.559 3 3 
2.562 2.562 3 3 
2.565 2.565 3 3 
2.568 2.568 3 3 
2.571 2.571 3 3 
2.574 2.574 3 3 
2.577 2.577 3 3 
2.58 2.58 3 3 
2.583 2.583 3 3 
2.586 2.586 3 3 
2.589 2.589 3 3 
2.592 2.592 3 3 
2.595 2.595 3 3 
2.598 2.598 3 3 
2.601 2.601 3 3 
2.604 2.604 3 3 
2.607 2.607 3 3 
2.61 2.61 3 3 
2.613 2.613 3 3 
2.616 2.616 3 3 
2.619 2.619 3 3 
2.622 2.622 3 3 
2.625 2.625 3 3 
2.628 2.628 3 3 
2.631 2.631 3 3 
2.634 2.634 3 3 
2.637 2.637 3 3 
2.64 2.64 3 3 
2.643 2.643 3 3 
2.646 2.646 3 3 
2.649 2.649 3 3 
2.652 2.652 3 3 
2.655 2.655 3 3 
2.658 2.658 3 3 
2.661 2.661 3 3 
2.664 2.664 3 3 
2.667 2.667 3 3 
2.67 2.67 3 3 
2.673 2.673 3 3 
2.676 2.676 3 3 
2.679 2.679 3 3 
2.682 2.682 3 3 
2.685 2.685 3 3 
2.688 2.688 3 3 
2.691 2.691 3 3 
2.694 2.694 3 3 
2.697 2.697 3 3 
2.7 2.7 3 3 
2.703 2.703 3 3 
2.706 2.706 3 3 
2.709 2.709 3 3 
2.712 2.712 3 3 
2.715 2.715 3 3 
2.718 2.718 3 3 
2.721 2.721 3 3 
2.724 2.724 3 3 
2.727 2.727 3 3 
2.73 2.73 3 3 
2.733 2.733 3 3 
2.736 2.736 3 3 
2.739 2.739 3 3 
2.742 2.742 3 3 
2.745 2.745 3 3 
2.748 2.748 3 3 
2.751 2.751 3 3 
2.754 2.754 3 3 
2.757 2.757 3 3 
2.76 2.76 3 3 
2.763 2.763 3 3 
2.766 2.766 3 3 
2.769 2.769 3 3 
2.772 2.772 3 3 
2.775 2.775 3 3 
2.778 2.778 3 3 
2.781 2.781 3 3 
2.784 2.784 3 3 
2.787 2.787 3 3 
2.79 2.79 3 3 
2.793 2.793 3 3 
2.796 2.796 3 3 
2.799 2.799 3 3 
2.802 2.802 3 3 
2.805 2.805 3 3 
2.808 2.808 3 3 
2.811 2.811 3 3 
2.814 2.814 3 3 
2.817 2.817 3 3 
2.82 2.82 3 3 
2.823 2.823 3 3 
2.826 2.826 3 3 
2.829 2.829 3 3 
2.832 2.832 3 3 
2.835 2.835 3 3 
2.838 2.838 3 3 
2.841 2.841 3 3 
2.844 2.844 3 3 
2.847 2.847 3 3 
2.85 2.85 3 3 
2.853 2.853 3 3 
2.856 2.856 3 3 
2.859 2.859 3 3 
2.862 2.862 3 3 
2.865 2.865 3 3 
2.868 2.868 3 3 
2.871 2.871 3 3 
2.874 2.874 3 3 
2.877 2.877 3 3 
2.88 2.88 3 3 
2.883 2.883 3 3 
2.886 2.886 3 3 
2.889 2.889 3 3 
2.892 2.892 3 3 
2.895 2.895 3 3 
2.898 2.898 3 3 
2.901 2.901 3 3 
2.904 2.904 3 3 
2.907 2.907 3 3 
2.91 2.91 3 3 
2.913 2.913 3 3 
2.916 2.916 3 3 
2.919 2.919 3 3 
2.922 2.922 3 3 
2.925 2.925 3 3 
2.928 2.928 3 3 
2.931 2.931 3 3 
2.934 2.934 3 3 
2.937 2.937 3 3 
2.94 2.94 3 3 
2.943 2.943 3 3 
2.946 2.946 3 3 
2.949 2.949 3 3 
2.952 2.952 3 3 
2.955 2.955 3 3 
2.958 2.958 3 3 
2.961 2.961 3 3 
2.964 2.964 3 3 
2.967 2.967 3 3 
2.97 2.97 3 3 
2.973 2.973 3 3 
2.976 2.976 3 3 
2.979 2.979 3 3 
2.982 2.982 3 3 
2.985 2.985 3 3 
2.988 2.988 3 3 
2.991 2.991 3 3 
2.994 2.994 3 3 
2.997 2.997 3 3 
3 3 3 3 
3.003 3.003 3 3 
3.006 3.006 3 3 
3.009 3.009 3 3 
3.012 3.012 3 3 
3.015 3.015 3 3 
3.018 3.018 3 3 
3.021 3.021 3 3 
3.024 3.024 3 3 
3.027 3.027 3 3 
3.03 3.03 3 3 
3.033 3.033 3 3 
3.036 3.036 3 3 
3.039 3.039 3 3 
3.042 3.042 3 3 
3.045 3.045 3 3 
3.048 3.048 3 3 
3.051 3.051 3 3 
3.054 3.054 3 3 
3.057 3.057 3 3 
3.06 3.06 3 3 
3.063 3.063 3 3 
3.066 3.066 3 3 
3.069 3.069 3 3 
3.072 3.072 3 3 
3.075 3.075 3 3 
3.078 3.078 3 3 
3.081 3.081 3 3 
3.084 3.084 3 3 
3.087 3.087 3 3 
3.09 3.09 3 3 
3.093 3.093 3 3 
3.096 3.096 3 3 
3.099 3.099 3 3 
3.102 3.102 3 3 
3.105 3.105 3 3 
3.108 3.108 3 3 
3.111 3.111 3 3 
3.114 3.114 3 3 
3.117 3.117 3 3 
3.12 3.12 3 3 
3.123 3.123 3 3 
3.126 3.126 3 3 
3.129 3.129 3 3 
3.132 3.132 3 3 
3.135 3.135 3 3 
3.138 3.138 3 3 
3.141 3.141 3 3 
3.144 3.144 3 3 
3.147 3.147 3 3 
3.15 3.15 3 3 
3.153 3.153 3 3 
3.156 3.156 3 3 
3.159 3.159 3 3 
3.162 3.162 3 3 
3.165 3.165 3 3 
3.168 3.168 3 3 
3.171 3.171 3 3 
3.174 3.174 3 3 
3.177 3.177 3 3 
3.18 3.18 3 3 
3.183 3.183 3 3 
3.186 3.186 3 3 
3.189 3.189 3 3 
3.192 3.192 3 3 
3.195 3.195 3 3 
3.198 3.198 3 3 
3.201 3.201 3 3 
3.204 3.204 3 3 
3.207 3.207 3 3 
3.21 3.21 3 3 
3.213 3.213 3 3 
3.216 3.216 3 3 
3.219 3.219 3 3 
3.222 3.222 3 3 
3.225 3.225 3 3 
3.228 3.228 3 3 
3.231 3.231 3 3 
3.234 3.234 3 3 
3.237 3.237 3 3 
3.24 3.24 3 3 
3.243 3.243 3 3 
3.246 3.246 3 3 
3.249 3.249 3 3 
3.252 3.252 3 3 
3.255 3.255 3 3 
3.258 3.258 3 3 
3.261 3.261 3 3 
3.264 3.264 3 3 
3.267 3.267 3 3 
3.27 3.27 3 3 
3.273 3.273 3 3 
3.276 3.276 3 3 
3.279 3.279 3 3 
3.282 3.282 3 3 
3.285 3.285 3 3 
3.288 3.288 3 3 
3.291 3.291 3 3 
3.294 3.294 3 3 
3.297 3.297 3 3 
3.3 3.3 3 3 
3.303 3.303 3 3 
3.306 3.306 3 3 
3.309 3.309 3 3 
3.312 3.312 3 3 
3.315 3.315 3 3 
3.318 3.318 3 3 
3.321 3.321 3 3 
3.324 3.324 3 3 
3.327 3.327 3 3 
3.33 3.33 3 3 
3.333 3.333 3 3 
3.336 3.336 3 3 
3.339 3.339 3 3 
3.342 3.342 3 3 
3.345 3.345 3 3 
3.348 3.348 3 3 
3.351 3.351 3 3 
3.354 3.354 3 3 
3.357 3.357 3 3 
3.36 3.36 3 3 
3.363 3.363 3 3 
3.366 3.366 3 3 
3.369 3.369 3 3 
3.372 3.372 3 3 
3.375 3.375 3 3 
3.378 3.378 3 3 
3.381 3.381 3 3 
3.384 3.384 3 3 
3.387 3.387 3 3 
3.39 3.39 3 3 
3.393 3.393 3 3 
3.396 3.396 3 3 
3.399 3.399 3 3 
3.402 3.402 3 3 
3.405 3.405 3 3 
3.408 3.408 3 3 
3.411 3.411 3 3 
3.414 3.414 3 3 
3.417 3.417 3 3 
3.42 3.42 3 3 
3.423 3.423 3 3 
3.426 3.426 3 3 
3.429 3.429 3 3 
3.432 3.432 3 3 
3.435 3.435 3 3 
3.438 3.438 3 3 
3.441 3.441 3 3 
3.444 3.444 3 3 
3.447 3.447 3 3 
3.45 3.45 3 3 
3.453 3.453 3 3 
3.456 3.456 3 3 
3.459 3.459 3 3 
3.462 3.462 3 3 
3.465 3.465 3 3 
3.468 3.468 3 3 
3.471 3.471 3 3 
3.474 3.474 3 3 
3.477 3.477 3 3 
3.48 3.48 3 3 
3.483 3.483 3 3 
3.486 3.486 3 3 
3.489 3.489 3 3 
3.492 3.492 3 3 
3.495 3.495 3 3 
3.498 3.498 3 3 
3.501 3.501 3 3 
3.504 3.504 3 3 
3.507 3.507 3 3 
3.51 3.51 3 3 
3.513 3.513 3 3 
3.516 3.516 3 3 
3.519 3.519 3 3 
3.522 3.522 3 3 
3.525 3.525 3 3 
3.528 3.528 3 3 
3.531 3.531 3 3 
3.534 3.534 3 3 
3.537 3.537 3 3 
3.54 3.54 3 3 
3.543 3.543 3 3 
3.546 3.546 3 3 
3.549 3.549 3 3 
3.552 3.552 3 3 
3.555 3.555 3 3 
3.558 3.558 3 3 
3.561 3.561 3 3 
3.564 3.564 3 3 
3.567 3.567 3 3 
3.57 3.57 3 3 
3.573 3.573 3 3 
3.576 3.576 3 3 
3.579 3.579 3 3 
3.582 3.582 3 3 
3.585 3.585 3 3 
3.588 3.588 3 3 
3.591 3.591 3 3 
3.594 3.594 3 3 
3.597 3.597 3 3 
3.6 3.6 3 3 
3.603 3.603 3 3 
3.606 3.606 3 3 
3.609 3.609 3 3 
3.612 3.612 3 3 
3.615 3.615 3 3 
3.618 3.618 3 3 
3.621 3.621 3 3 
3.624 3.624 3 3 
3.627 3.627 3 3 
3.63 3.63 3 3 
3.633 3.633 3 3 
3.636 3.636 3 3 
3.639 3.639 3 3 
3.642 3.642 3 3 
3.645 3.645 3 3 
3.648 3.648 3 3 
3.651 3.651 3 3 
3.654 3.654 3 3 
3.657 3.657 3 3 
3.66 3.66 3 3 
3.663 3.663 3 3 
3.666 3.666 3 3 
3.669 3.669 3 3 
3.672 3.672 3 3 
3.675 3.675 3 3 
3.678 3.678 3 3 
3.681 3.681 3 3 
3.684 3.684 3 3 
3.687 3.687 3 3 
3.69 3.69 3 3 
3.693 3.693 3 3 
3.696 3.696 3 3 
3.699 3.699 3 3 
3.702 3.702 3 3 
3.705 3.705 3 3 
3.708 3.708 3 3 
3.711 3.711 3 3 
3.714 3.714 3 3 
3.717 3.717 3 3 
3.72 3.72 3 3 
3.723 3.723 3 3 
3.726 3.726 3 3 
3.729 3.729 3 3 
3.732 3.732 3 3 
3.735 3.735 3 3 
3.738 3.738 3 3 
3.741 3.741 3 3 
3.744 3.744 3 3 
3.747 3.747 3 3 
3.75 3.75 3 3 
3.753 3.753 3 3 
3.756 3.756 3 3 
3.759 3.759 3 3 
3.762 3.762 3 3 
3.765 3.765 3 3 
3.768 3.768 3 3 
3.771 3.771 3 3 
3.774 3.774 3 3 
3.777 3.777 3 3 
3.78 3.78 3 3 
3.783 3.783 3 3 
3.786 3.786 3 3 
3.789 3.789 3 3 
3.792 3.792 3 3 
3.795 3.795 3 3 
3.798 3.798 3 3 
3.801 3.801 3 3 
3.804 3.804 3 3 
3.807 3.807 3 3 
3.81 3.81 3 3 
3.813 3.813 3 3 
3.816 3.816 3 3 
3.819 3.819 3 3 
3.822 3.822 3 3 
3.825 3.825 3 3 
3.828 3.828 3 3 
3.831 3.831 3 3 
3.834 3.834 3 3 
3.837 3.837 3 3 
3.84 3.84 3 3 
3.843 3.843 3 3 
3.846 3.846 3 3 
3.849 3.849 3 3 
3.852 3.852 3 3 
3.855 3.855 3 3 
3.858 3.858 3 3 
3.861 3.861 3 3 
3.864 3.864 3 3 
3.867 3.867 3 3 
3.87 3.87 3 3 
3.873 3.873 3 3 
3.876 3.876 3 3 
3.879 3.879 3 3 
3.882 3.882 3 3 
3.885 3.885 3 3 
3.888 3.888 3 3 
3.891 3.891 3 3 
3.894 3.894 3 3 
3.897 3.897 3 3 
3.9 3.9 3 3 
3.903 3.903 3 3 
3.906 3.906 3 3 
3.909 3.909 3 3 
3.912 3.912 3 3 
3.915 3.915 3 3 
3.918 3.918 3 3 
3.921 3.921 3 3 
3.924 3.924 3 3 
3.927 3.927 3 3 
3.93 3.93 3 3 
3.933 3.933 3 3 
3.936 3.936 3 3 
3.939 3.939 3 3 
3.942 3.942 3 3 
3.945 3.945 3 3 
3.948 3.948 3 3 
3.951 3.951 3 3 
3.954 3.954 3 3 
3.957 3.957 3 3 
3.96 3.96 3 3 
3.963 3.963 3 3 
3.966 3.966 3 3 
3.969 3.969 3 3 
3.972 3.972 3 3 
3.975 3.975 3 3 
3.978 3.978 3 3 
3.981 3.981 3 3 
3.984 3.984 3 3 
3.987 3.987 3 3 
3.99 3.99 3 3 
3.993 3.993 3 3 
3.996 3.996 3 3 
3.999 3.999 3 3 
4.002 4.002 3 3 
4.005 4.005 3 3 
4.008 4.008 3 3 
4.011 4.011 3 3 
4.014 4.014 3 3 
4.017 4.017 3 3 
4.02 4.02 3 3 
4.023 4.023 3 3 
4.026 4.026 3 3 
4.029 4.029 3 3 
4.032 4.032 3 3 
4.035 4.035 3 3 
4.038 4.038 3 3 
4.041 4.041 3 3 
4.044 4.044 3 3 
4.047 4.047 3 3 
4.05 4.05 3 3 
4.053 4.053 3 3 
4.056 4.056 3 3 
4.059 4.059 3 3 
4.062 4.062 3 3 
4.065 4.065 3 3 
4.068 4.068 3 3 
4.071 4.071 3 3 
4.074 4.074 3 3 
4.077 4.077 3 3 
4.08 4.08 3 3 
4.083 4.083 3 3 
4.086 4.086 3 3 
4.089 4.089 3 3 
4.092 4.092 3 3 
4.095 4.095 3 3 
4.098 4.098 3 3 
4.101 4.101 3 3 
4.104 4.104 3 3 
4.107 4.107 3 3 
4.11 4.11 3 3 
4.113 4.113 3 3 
4.116 4.116 3 3 
4.119 4.119 3 3 
4.122 4.122 3 3 
4.125 4.125 3 3 
4.128 4.128 3 3 
4.131 4.131 3 3 
4.134 4.134 3 3 
4.137 4.137 3 3 
4.14 4.14 3 3 
4.143 4.143 3 3 
4.146 4.146 3 3 
4.149 4.149 3 3 
4.152 4.152 3 3 
4.155 4.155 3 3 
4.158 4.158 3 3 
4.161 4.161 3 3 
4.164 4.164 3 3 
4.167 4.167 3 3 
4.17 4.17 3 3 
4.173 4.173 3 3 
4.176 4.176 3 3 
4.179 4.179 3 3 
4.182 4.182 3 3 
4.185 4.185 3 3 
4.188 4.188 3 3 
4.191 4.191 3 3 
4.194 4.194 3 3 
4.197 4.197 3 3 
4.2 4.2 3 3 
4.203 4.203 3 3 
4.206 4.206 3 3 
4.209 4.209 3 3 
4.212 4.212 3 3 
4.215 4.215 3 3 
4.218 4.218 3 3 
4.221 4.221 3 3 
4.224 4.224 3 3 
4.227 4.227 3 3 
4.23 4.23 3 3 
4.233 4.233 3 3 
4.236 4.236 3 3 
4.239 4.239 3 3 
4.242 4.242 3 3 
4.245 4.245 3 3 
4.248 4.248 3 3 
4.251 4.251 3 3 
4.254 4.254 3 3 
4.257 4.257 3 3 
4.26 4.26 3 3 
4.263 4.263 3 3 
4.266 4.266 3 3 
4.269 4.269 3 3 
4.272 4.272 3 3 
4.275 4.275 3 3 
4.278 4.278 3 3 
4.281 4.281 3 3 
4.284 4.284 3 3 
4.287 4.287 3 3 
4.29 4.29 3 3 
4.293 4.293 3 3 
4.296 4.296 3 3 
4.299 4.299 3 3 
4.302 4.302 3 3 
4.305 4.305 3 3 
4.308 4.308 3 3 
4.311 4.311 3 3 
4.314 4.314 3 3 
4.317 4.317 3 3 
4.32 4.32 3 3 
4.323 4.323 3 3 
4.326 4.326 3 3 
4.329 4.329 3 3 
4.332 4.332 3 3 
4.335 4.335 3 3 
4.338 4.338 3 3 
4.341 4.341 3 3 
4.344 4.344 3 3 
4.347 4.347 3 3 
4.35 4.35 3 3 
4.353 4.353 3 3 
4.356 4.356 3 3 
4.359 4.359 3 3 
4.362 4.362 3 3 
4.365 4.365 3 3 
4.368 4.368 3 3 
4.371 4.371 3 3 
4.374 4.374 3 3 
4.377 4.377 3 3 
4.38 4.38 3 3 
4.383 4.383 3 3 
4.386 4.386 3 3 
4.389 4.389 3 3 
4.392 4.392 3 3 
4.395 4.395 3 3 
4.398 4.398 3 3 
4.401 4.401 3 3 
4.404 4.404 3 3 
4.407 4.407 3 3 
4.41 4.41 3 3 
4.413 4.413 3 3 
4.416 4.416 3 3 
4.419 4.419 3 3 
4.422 4.422 3 3 
4.425 4.425 3 3 
4.428 4.428 3 3 
4.431 4.431 3 3 
4.434 4.434 3 3 
4.437 4.437 3 3 
4.44 4.44 3 3 
4.443 4.443 3 3 
4.446 4.446 3 3 
4.449 4.449 3 3 
4.452 4.452 3 3 
4.455 4.455 3 3 
4.458 4.458 3 3 
4.461 4.461 3 3 
4.464 4.464 3 3 
4.467 4.467 3 3 
4.47 4.47 3 3 
4.473 4.473 3 3 
4.476 4.476 3 3 
4.479 4.479 3 3 
4.482 4.482 3 3 
4.485 4.485 3 3 
4.488 4.488 3 3 
4.491 4.491 3 3 
4.494 4.494 3 3 
4.497 4.497 3 3 
4.5 4.5 3 3 
4.503 4.503 3 3 
4.506 4.506 3 3 
4.509 4.509 3 3 
4.512 4.512 3 3 
4.515 4.515 3 3 
4.518 4.518 3 3 
4.521 4.521 3 3 
4.524 4.524 3 3 
4.527 4.527 3 3 
4.53 4.53 3 3 
4.533 4.533 3 3 
4.536 4.536 3 3 
4.539 4.539 3 3 
4.542 4.542 3 3 
4.545 4.545 3 3 
4.548 4.548 3 3 
4.551 4.551 3 3 
4.554 4.554 3 3 
4.557 4.557 3 3 
4.56 4.56 3 3 
4.563 4.563 3 3 
4.566 4.566 3 3 
4.569 4.569 3 3 
4.572 4.572 3 3 
4.575 4.575 3 3 
4.578 4.578 3 3 
4.581 4.581 3 3 
4.584 4.584 3 3 
4.587 4.587 3 3 
4.59 4.59 3 3 
4.593 4.593 3 3 
4.596 4.596 3 3 
4.599 4.599 3 3 
4.602 4.602 3 3 
4.605 4.605 3 3 
4.608 4.608 3 3 
4.611 4.611 3 3 
4.614 4.614 3 3 
4.617 4.617 3 3 
4.62 4.62 3 3 
4.623 4.623 3 3 
4.626 4.626 3 3 
4.629 4.629 3 3 
4.632 4.632 3 3 
4.635 4.635 3 3 
4.638 4.638 3 3 
4.641 4.641 3 3 
4.644 4.644 3 3 
4.647 4.647 3 3 
4.65 4.65 3 3 
4.653 4.653 3 3 
4.656 4.656 3 3 
4.659 4.659 3 3 
4.662 4.662 3 3 
4.665 4.665 3 3 
4.668 4.668 3 3 
4.671 4.671 3 3 
4.674 4.674 3 3 
4.677 4.677 3 3 
4.68 4.68 3 3 
4.683 4.683 3 3 
4.686 4.686 3 3 
4.689 4.689 3 3 
4.692 4.692 3 3 
4.695 4.695 3 3 
4.698 4.698 3 3 
4.701 4.701 3 3 
4.704 4.704 3 3 
4.707 4.707 3 3 
4.71 4.71 3 3 
4.713 4.713 3 3 
4.716 4.716 3 3 
4.719 4.719 3 3 
4.722 4.722 3 3 
4.725 4.725 3 3 
4.728 4.728 3 3 
4.731 4.731 3 3 
4.734 4.734 3 3 
4.737 4.737 3 3 
4.74 4.74 3 3 
4.743 4.743 3 3 
4.746 4.746 3 3 
4.749 4.749 3 3 
4.752 4.752 3 3 
4.755 4.755 3 3 
4.758 4.758 3 3 
4.761 4.761 3 3 
4.764 4.764 3 3 
4.767 4.767 3 3 
4.77 4.77 3 3 
4.773 4.773 3 3 
4.776 4.776 3 3 
4.779 4.779 3 3 
4.782 4.782 3 3 
4.785 4.785 3 3 
4.788 4.788 3 3 
4.791 4.791 3 3 
4.794 4.794 3 3 
4.797 4.797 3 3 
4.8 4.8 3 3 
4.803 4.803 3 3 
4.806 4.806 3 3 
4.809 4.809 3 3 
4.812 4.812 3 3 
4.815 4.815 3 3 
4.818 4.818 3 3 
4.821 4.821 3 3 
4.824 4.824 3 3 
4.827 4.827 3 3 
4.83 4.83 3 3 
4.833 4.833 3 3 
4.836 4.836 3 3 
4.839 4.839 3 3 
4.842 4.842 3 3 
4.845 4.845 3 3 
4.848 4.848 3 3 
4.851 4.851 3 3 
4.854 4.854 3 3 
4.857 4.857 3 3 
4.86 4.86 3 3 
4.863 4.863 3 3 
4.866 4.866 3 3 
4.869 4.869 3 3 
4.872 4.872 3 3 
4.875 4.875 3 3 
4.878 4.878 3 3 
4.881 4.881 3 3 
4.884 4.884 3 3 
4.887 4.887 3 3 
4.89 4.89 3 3 
4.893 4.893 3 3 
4.896 4.896 3 3 
4.899 4.899 3 3 
4.902 4.902 3 3 
4.905 4.905 3 3 
4.908 4.908 3 3 
4.911 4.911 3 3 
4.914 4.914 3 3 
4.917 4.917 3 3 
4.92 4.92 3 3 
4.923 4.923 3 3 
4.926 4.926 3 3 
4.929 4.929 3 3 
4.932 4.932 3 3 
4.935 4.935 3 3 
4.938 4.938 3 3 
4.941 4.941 3 3 
4.944 4.944 3 3 
4.947 4.947 3 3 
4.95 4.95 3 3 
4.953 4.953 3 3 
4.956 4.956 3 3 
4.959 4.959 3 3 
4.962 4.962 3 3 
4.965 4.965 3 3 
4.968 4.968 3 3 
4.971 4.971 3 3 
4.974 4.974 3 3 
4.977 4.977 3 3 
4.98 4.98 3 3 
4.983 4.983 3 3 
4.986 4.986 3 3 
4.989 4.989 3 3 
4.992 4.992 3 3 
4.995 4.995 3 3 
4.998 4.998 3 3 
5.001 5.001 3 3 
5.004 5.004 3 3 
5.007 5.007 3 3 
5.01 5.01 3 3 
5.013 5.013 3 3 
5.016 5.016 3 3 
5.019 5.019 3 3 
5.022 5.022 3 3 
5.025 5.025 3 3 
5.028 5.028 3 3 
5.031 5.031 3 3 
5.034 5.034 3 3 
5.037 5.037 3 3 
5.04 5.04 3 3 
5.043 5.043 3 3 
5.046 5.046 3 3 
5.049 5.049 3 3 
5.052 5.052 3 3 
5.055 5.055 3 3 
5.058 5.058 3 3 
5.061 5.061 3 3 
5.064 5.064 3 3 
5.067 5.067 3 3 
5.07 5.07 3 3 
5.073 5.073 3 3 
5.076 5.076 3 3 
5.079 5.079 3 3 
5.082 5.082 3 3 
5.085 5.085 3 3 
5.088 5.088 3 3 
5.091 5.091 3 3 
5.094 5.094 3 3 
5.097 5.097 3 3 
5.1 5.1 3 3 
5.103 5.103 3 3 
5.106 5.106 3 3 
5.109 5.109 3 3 
5.112 5.112 3 3 
5.115 5.115 3 3 
5.118 5.118 3 3 
5.121 5.121 3 3 
5.124 5.124 3 3 
5.127 5.127 3 3 
5.13 5.13 3 3 
5.133 5.133 3 3 
5.136 5.136 3 3 
5.139 5.139 3 3 
5.142 5.142 3 3 
5.145 5.145 3 3 
5.148 5.148 3 3 
5.151 5.151 3 3 
5.154 5.154 3 3 
5.157 5.157 3 3 
5.16 5.16 3 3 
5.163 5.163 3 3 
5.166 5.166 3 3 
5.169 5.169 3 3 
5.172 5.172 3 3 
5.175 5.175 3 3 
5.178 5.178 3 3 
5.181 5.181 3 3 
5.184 5.184 3 3 
5.187 5.187 3 3 
5.19 5.19 3 3 
5.193 5.193 3 3 
5.196 5.196 3 3 
5.199 5.199 3 3 
5.202 5.202 3 3 
5.205 5.205 3 3 
5.208 5.208 3 3 
5.211 5.211 3 3 
5.214 5.214 3 3 
5.217 5.217 3 3 
5.22 5.22 3 3 
5.223 5.223 3 3 
5.226 5.226 3 3 
5.229 5.229 3 3 
5.232 5.232 3 3 
5.235 5.235 3 3 
5.238 5.238 3 3 
5.241 5.241 3 3 
5.244 5.244 3 3 
5.247 5.247 3 3 
5.25 5.25 3 3 
5.253 5.253 3 3 
5.256 5.256 3 3 
5.259 5.259 3 3 
5.262 5.262 3 3 
5.265 5.265 3 3 
5.268 5.268 3 3 
5.271 5.271 3 3 
5.274 5.274 3 3 
5.277 5.277 3 3 
5.28 5.28 3 3 
5.283 5.283 3 3 
5.286 5.286 3 3 
5.289 5.289 3 3 
5.292 5.292 3 3 
5.295 5.295 3 3 
5.298 5.298 3 3 
5.301 5.301 3 3 
5.304 5.304 3 3 
5.307 5.307 3 3 
5.31 5.31 3 3 
5.313 5.313 3 3 
5.316 5.316 3 3 
5.319 5.319 3 3 
5.322 5.322 3 3 
5.325 5.325 3 3 
5.328 5.328 3 3 
5.331 5.331 3 3 
5.334 5.334 3 3 
5.337 5.337 3 3 
5.34 5.34 3 3 
5.343 5.343 3 3 
5.346 5.346 3 3 
5.349 5.349 3 3 
5.352 5.352 3 3 
5.355 5.355 3 3 
5.358 5.358 3 3 
5.361 5.361 3 3 
5.364 5.364 3 3 
5.367 5.367 3 3 
5.37 5.37 3 3 
5.373 5.373 3 3 
5.376 5.376 3 3 
5.379 5.379 3 3 
5.382 5.382 3 3 
5.385 5.385 3 3 
5.388 5.388 3 3 
5.391 5.391 3 3 
5.394 5.394 3 3 
5.397 5.397 3 3 
5.4 5.4 3 3 
5.403 5.403 3 3 
5.406 5.406 3 3 
5.409 5.409 3 3 
5.412 5.412 3 3 
5.415 5.415 3 3 
5.418 5.418 3 3 
5.421 5.421 3 3 
5.424 5.424 3 3 
5.427 5.427 3 3 
5.43 5.43 3 3 
5.433 5.433 3 3 
5.436 5.436 3 3 
5.439 5.439 3 3 
5.442 5.442 3 3 
5.445 5.445 3 3 
5.448 5.448 3 3 
5.451 5.451 3 3 
5.454 5.454 3 3 
5.457 5.457 3 3 
5.46 5.46 3 3 
5.463 5.463 3 3 
5.466 5.466 3 3 
5.469 5.469 3 3 
5.472 5.472 3 3 
5.475 5.475 3 3 
5.478 5.478 3 3 
5.481 5.481 3 3 
5.484 5.484 3 3 
5.487 5.487 3 3 
5.49 5.49 3 3 
5.493 5.493 3 3 
5.496 5.496 3 3 
5.499 5.499 3 3 
5.502 5.502 3 3 
5.505 5.505 3 3 
5.508 5.508 3 3 
5.511 5.511 3 3 
5.514 5.514 3 3 
5.517 5.517 3 3 
5.52 5.52 3 3 
5.523 5.523 3 3 
5.526 5.526 3 3 
5.529 5.529 3 3 
5.532 5.532 3 3 
5.535 5.535 3 3 
5.538 5.538 3 3 
5.541 5.541 3 3 
5.544 5.544 3 3 
5.547 5.547 3 3 
5.55 5.55 3 3 
5.553 5.553 3 3 
5.556 5.556 3 3 
5.559 5.559 3 3 
5.562 5.562 3 3 
5.565 5.565 3 3 
5.568 5.568 3 3 
5.571 5.571 3 3 
5.574 5.574 3 3 
5.577 5.577 3 3 
5.58 5.58 3 3 
5.583 5.583 3 3 
5.586 5.586 3 3 
5.589 5.589 3 3 
5.592 5.592 3 3 
5.595 5.595 3 3 
5.598 5.598 3 3 
5.601 5.601 3 3 
5.604 5.604 3 3 
5.607 5.607 3 3 
5.61 5.61 3 3 
5.613 5.613 3 3 
5.616 5.616 3 3 
5.619 5.619 3 3 
5.622 5.622 3 3 
5.625 5.625 3 3 
5.628 5.628 3 3 
5.631 5.631 3 3 
5.634 5.634 3 3 
5.637 5.637 3 3 
5.64 5.64 3 3 
5.643 5.643 3 3 
5.646 5.646 3 3 
5.649 5.649 3 3 
5.652 5.652 3 3 
5.655 5.655 3 3 
5.658 5.658 3 3 
5.661 5.661 3 3 
5.664 5.664 3 3 
5.667 5.667 3 3 
5.67 5.67 3 3 
5.673 5.673 3 3 
5.676 5.676 3 3 
5.679 5.679 3 3 
5.682 5.682 3 3 
5.685 5.685 3 3 
5.688 5.688 3 3 
5.691 5.691 3 3 
5.694 5.694 3 3 
5.697 5.697 3 3 
5.7 5.7 3 3 
5.703 5.703 3 3 
5.706 5.706 3 3 
5.709 5.709 3 3 
5.712 5.712 3 3 
5.715 5.715 3 3 
5.718 5.718 3 3 
5.721 5.721 3 3 
5.724 5.724 3 3 
5.727 5.727 3 3 
5.73 5.73 3 3 
5.733 5.733 3 3 
5.736 5.736 3 3 
5.739 5.739 3 3 
5.742 5.742 3 3 
5.745 5.745 3 3 
5.748 5.748 3 3 
5.751 5.751 3 3 
5.754 5.754 3 3 
5.757 5.757 3 3 
5.76 5.76 3 3 
5.763 5.763 3 3 
5.766 5.766 3 3 
5.769 5.769 3 3 
5.772 5.772 3 3 
5.775 5.775 3 3 
5.778 5.778 3 3 
5.781 5.781 3 3 
5.784 5.784 3 3 
5.787 5.787 3 3 
5.79 5.79 3 3 
5.793 5.793 3 3 
5.796 5.796 3 3 
5.799 5.799 3 3 
5.802 5.802 3 3 
5.805 5.805 3 3 
5.808 5.808 3 3 
5.811 5.811 3 3 
5.814 5.814 3 3 
5.817 5.817 3 3 
5.82 5.82 3 3 
5.823 5.823 3 3 
5.826 5.826 3 3 
5.829 5.829 3 3 
5.832 5.832 3 3 
5.835 5.835 3 3 
5.838 5.838 3 3 
5.841 5.841 3 3 
5.844 5.844 3 3 
5.847 5.847 3 3 
5.85 5.85 3 3 
5.853 5.853 3 3 
5.856 5.856 3 3 
5.859 5.859 3 3 
5.862 5.862 3 3 
5.865 5.865 3 3 
5.868 5.868 3 3 
5.871 5.871 3 3 
5.874 5.874 3 3 
5.877 5.877 3 3 
5.88 5.88 3 3 
5.883 5.883 3 3 
5.886 5.886 3 3 
5.889 5.889 3 3 
5.892 5.892 3 3 
5.895 5.895 3 3 
5.898 5.898 3 3 
5.901 5.901 3 3 
5.904 5.904 3 3 
5.907 5.907 3 3 
5.91 5.91 3 3 
5.913 5.913 3 3 
5.916 5.916 3 3 
5.919 5.919 3 3 
5.922 5.922 3 3 
5.925 5.925 3 3 
5.928 5.928 3 3 
5.931 5.931 3 3 
5.934 5.934 3 3 
5.937 5.937 3 3 
5.94 5.94 3 3 
5.943 5.943 3 3 
5.946 5.946 3 3 
5.949 5.949 3 3 
5.952 5.952 3 3 
5.955 5.955 3 3 
5.958 5.958 3 3 
5.961 5.961 3 3 
5.964 5.964 3 3 
5.967 5.967 3 3 
5.97 5.97 3 3 
5.973 5.973 3 3 
5.976 5.976 3 3 
5.979 5.979 3 3 
5.982 5.982 3 3 
5.985 5.985 3 3 
5.988 5.988 3 3 
5.991 5.991 3 3 
5.994 5.994 3 3 
5.997 5.997 3 3 
6 6 3 3 
6.003 6.003 3 3 
6.006 6.006 3 3 
6.009 6.009 3 3 
6.012 6.012 3 3 
6.015 6.015 3 3 
6.018 6.018 3 3 
6.021 6.021 3 3 
6.024 6.024 3 3 
6.027 6.027 3 3 
6.03 6.03 3 3 
6.033 6.033 3 3 
6.036 6.036 3 3 
6.039 6.039 3 3 
6.042 6.042 3 3 
6.045 6.045 3 3 
6.048 6.048 3 3 
6.051 6.051 3 3 
6.054 6.054 3 3 
6.057 6.057 3 3 
6.06 6.06 3 3 
6.063 6.063 3 3 
6.066 6.066 3 3 
6.069 6.069 3 3 
6.072 6.072 3 3 
6.075 6.075 3 3 
6.078 6.078 3 3 
6.081 6.081 3 3 
6.084 6.084 3 3 
6.087 6.087 3 3 
6.09 6.09 3 3 
6.093 6.093 3 3 
6.096 6.096 3 3 
6.099 6.099 3 3 
6.102 6.102 3 3 
6.105 6.105 3 3 
6.108 6.108 3 3 
6.111 6.111 3 3 
6.114 6.114 3 3 
6.117 6.117 3 3 
6.12 6.12 3 3 
6.123 6.123 3 3 
6.126 6.126 3 3 
6.129 6.129 3 3 
6.132 6.132 3 3 
6.135 6.135 3 3 
6.138 6.138 3 3 
6.141 6.141 3 3 
6.144 6.144 3 3 
6.147 6.147 3 3 
6.15 6.15 3 3 
6.153 6.153 3 3 
6.156 6.156 3 3 
6.159 6.159 3 3 
6.162 6.162 3 3 
6.165 6.165 3 3 
6.168 6.168 3 3 
6.171 6.171 3 3 
6.174 6.174 3 3 
6.177 6.177 3 3 
6.18 6.18 3 3 
6.183 6.183 3 3 
6.186 6.186 3 3 
6.189 6.189 3 3 
6.192 6.192 3 3 
6.195 6.195 3 3 
6.198 6.198 3 3 
6.201 6.201 3 3 
6.204 6.204 3 3 
6.207 6.207 3 3 
6.21 6.21 3 3 
6.213 6.213 3 3 
6.216 6.216 3 3 
6.219 6.219 3 3 
6.222 6.222 3 3 
6.225 6.225 3 3 
6.228 6.228 3 3 
6.231 6.231 3 3 
6.234 6.234 3 3 
6.237 6.237 3 3 
6.24 6.24 3 3 
6.243 6.243 3 3 
6.246 6.246 3 3 
6.249 6.249 3 3 
6.252 6.252 3 3 
6.255 6.255 3 3 
6.258 6.258 3 3 
6.261 6.261 3 3 
6.264 6.264 3 3 
6.267 6.267 3 3 
6.27 6.27 3 3 
6.273 6.273 3 3 
6.276 6.276 3 3 
6.279 6.279 3 3 
6.282 6.282 3 3 
6.285 6.285 3 3 
6.288 6.288 3 3 
6.291 6.291 3 3 
6.294 6.294 3 3 
6.297 6.297 3 3 
6.3 6.3 3 3 
6.303 6.303 3 3 
6.306 6.306 3 3 
6.309 6.309 3 3 
6.312 6.312 3 3 
6.315 6.315 3 3 
6.318 6.318 3 3 
6.321 6.321 3 3 
6.324 6.324 3 3 
6.327 6.327 3 3 
6.33 6.33 3 3 
6.333 6.333 3 3 
6.336 6.336 3 3 
6.339 6.339 3 3 
6.342 6.342 3 3 
6.345 6.345 3 3 
6.348 6.348 3 3 
6.351 6.351 3 3 
6.354 6.354 3 3 
6.357 6.357 3 3 
6.36 6.36 3 3 
6.363 6.363 3 3 
6.366 6.366 3 3 
6.369 6.369 3 3 
6.372 6.372 3 3 
6.375 6.375 3 3 
6.378 6.378 3 3 
6.381 6.381 3 3 
6.384 6.384 3 3 
6.387 6.387 3 3 
6.39 6.39 3 3 
6.393 6.393 3 3 
6.396 6.396 3 3 
6.399 6.399 3 3 
6.402 6.402 3 3 
6.405 6.405 3 3 
6.408 6.408 3 3 
6.411 6.411 3 3 
6.414 6.414 3 3 
6.417 6.417 3 3 
6.42 6.42 3 3 
6.423 6.423 3 3 
6.426 6.426 3 3 
6.429 6.429 3 3 
6.432 6.432 3 3 
6.435 6.435 3 3 
6.438 6.438 3 3 
6.441 6.441 3 3 
6.444 6.444 3 3 
6.447 6.447 3 3 
6.45 6.45 3 3 
6.453 6.453 3 3 
6.456 6.456 3 3 
6.459 6.459 3 3 
6.462 6.462 3 3 
6.465 6.465 3 3 
6.468 6.468 3 3 
6.471 6.471 3 3 
6.474 6.474 3 3 
6.477 6.477 3 3 
6.48 6.48 3 3 
6.483 6.483 3 3 
6.486 6.486 3 3 
6.489 6.489 3 3 
6.492 6.492 3 3 
6.495 6.495 3 3 
6.498 6.498 3 3 
6.501 6.501 3 3 
6.504 6.504 3 3 
6.507 6.507 3 3 
6.51 6.51 3 3 
6.513 6.513 3 3 
6.516 6.516 3 3 
6.519 6.519 3 3 
6.522 6.522 3 3 
6.525 6.525 3 3 
6.528 6.528 3 3 
6.531 6.531 3 3 
6.534 6.534 3 3 
6.537 6.537 3 3 
6.54 6.54 3 3 
6.543 6.543 3 3 
6.546 6.546 3 3 
6.549 6.549 3 3 
6.552 6.552 3 3 
6.555 6.555 3 3 
6.558 6.558 3 3 
6.561 6.561 3 3 
6.564 6.564 3 3 
6.567 6.567 3 3 
6.57 6.57 3 3 
6.573 6.573 3 3 
6.576 6.576 3 3 
6.579 6.579 3 3 
6.582 6.582 3 3 
6.585 6.585 3 3 
6.588 6.588 3 3 
6.591 6.591 3 3 
6.594 6.594 3 3 
6.597 6.597 3 3 
6.6 6.6 3 3 
6.603 6.603 3 3 
6.606 6.606 3 3 
6.609 6.609 3 3 
6.612 6.612 3 3 
6.615 6.615 3 3 
6.618 6.618 3 3 
6.621 6.621 3 3 
6.624 6.624 3 3 
6.627 6.627 3 3 
6.63 6.63 3 3 
6.633 6.633 3 3 
6.636 6.636 3 3 
6.639 6.639 3 3 
6.642 6.642 3 3 
6.645 6.645 3 3 
6.648 6.648 3 3 
6.651 6.651 3 3 
6.654 6.654 3 3 
6.657 6.657 3 3 
6.66 6.66 3 3 
6.663 6.663 3 3 
6.666 6.666 3 3 
6.669 6.669 3 3 
6.672 6.672 3 3 
6.675 6.675 3 3 
6.678 6.678 3 3 
6.681 6.681 3 3 
6.684 6.684 3 3 
6.687 6.687 3 3 
6.69 6.69 3 3 
6.693 6.693 3 3 
6.696 6.696 3 3 
6.699 6.699 3 3 
6.702 6.702 3 3 
6.705 6.705 3 3 
6.708 6.708 3 3 
6.711 6.711 3 3 
6.714 6.714 3 3 
6.717 6.717 3 3 
6.72 6.72 3 3 
6.723 6.723 3 3 
6.726 6.726 3 3 
6.729 6.729 3 3 
6.732 6.732 3 3 
6.735 6.735 3 3 
6.738 6.738 3 3 
6.741 6.741 3 3 
6.744 6.744 3 3 
6.747 6.747 3 3 
6.75 6.75 3 3 
6.753 6.753 3 3 
6.756 6.756 3 3 
6.759 6.759 3 3 
6.762 6.762 3 3 
6.765 6.765 3 3 
6.768 6.768 3 3 
6.771 6.771 3 3 
6.774 6.774 3 3 
6.777 6.777 3 3 
6.78 6.78 3 3 
6.783 6.783 3 3 
6.786 6.786 3 3 
6.789 6.789 3 3 
6.792 6.792 3 3 
6.795 6.795 3 3 
6.798 6.798 3 3 
6.801 6.801 3 3 
6.804 6.804 3 3 
6.807 6.807 3 3 
6.81 6.81 3 3 
6.813 6.813 3 3 
6.816 6.816 3 3 
6.819 6.819 3 3 
6.822 6.822 3 3 
6.825 6.825 3 3 
6.828 6.828 3 3 
6.831 6.831 3 3 
6.834 6.834 3 3 
6.837 6.837 3 3 
6.84 6.84 3 3 
6.843 6.843 3 3 
6.846 6.846 3 3 
6.849 6.849 3 3 
6.852 6.852 3 3 
6.855 6.855 3 3 
6.858 6.858 3 3 
6.861 6.861 3 3 
6.864 6.864 3 3 
6.867 6.867 3 3 
6.87 6.87 3 3 
6.873 6.873 3 3 
6.876 6.876 3 3 
6.879 6.879 3 3 
6.882 6.882 3 3 
6.885 6.885 3 3 
6.888 6.888 3 3 
6.891 6.891 3 3 
6.894 6.894 3 3 
6.897 6.897 3 3 
6.9 6.9 3 3 
6.903 6.903 3 3 
6.906 6.906 3 3 
6.909 6.909 3 3 
6.912 6.912 3 3 
6.915 6.915 3 3 
6.918 6.918 3 3 
6.921 6.921 3 3 
6.924 6.924 3 3 
6.927 6.927 3 3 
6.93 6.93 3 3 
6.933 6.933 3 3 
6.936 6.936 3 3 
6.939 6.939 3 3 
6.942 6.942 3 3 
6.945 6.945 3 3 
6.948 6.948 3 3 
6.951 6.951 3 3 
6.954 6.954 3 3 
6.957 6.957 3 3 
6.96 6.96 3 3 
6.963 6.963 3 3 
6.966 6.966 3 3 
6.969 6.969 3 3 
6.972 6.972 3 3 
6.975 6.975 3 3 
6.978 6.978 3 3 
6.981 6.981 3 3 
6.984 6.984 3 3 
6.987 6.987 3 3 
6.99 6.99 3 3 
6.993 6.993 3 3 
6.996 6.996 3 3 
6.999 6.999 3 3 
7.002 7.002 3 3 
7.005 7.005 3 3 
7.008 7.008 3 3 
7.011 7.011 3 3 
7.014 7.014 3 3 
7.017 7.017 3 3 
7.02 7.02 3 3 
7.023 7.023 3 3 
7.026 7.026 3 3 
7.029 7.029 3 3 
7.032 7.032 3 3 
7.035 7.035 3 3 
7.038 7.038 3 3 
7.041 7.041 3 3 
7.044 7.044 3 3 
7.047 7.047 3 3 
7.05 7.05 3 3 
7.053 7.053 3 3 
7.056 7.056 3 3 
7.059 7.059 3 3 
7.062 7.062 3 3 
7.065 7.065 3 3 
7.068 7.068 3 3 
7.071 7.071 3 3 
7.074 7.074 3 3 
7.077 7.077 3 3 
7.08 7.08 3 3 
7.083 7.083 3 3 
7.086 7.086 3 3 
7.089 7.089 3 3 
7.092 7.092 3 3 
7.095 7.095 3 3 
7.098 7.098 3 3 
7.101 7.101 3 3 
7.104 7.104 3 3 
7.107 7.107 3 3 
7.11 7.11 3 3 
7.113 7.113 3 3 
7.116 7.116 3 3 
7.119 7.119 3 3 
7.122 7.122 3 3 
7.125 7.125 3 3 
7.128 7.128 3 3 
7.131 7.131 3 3 
7.134 7.134 3 3 
7.137 7.137 3 3 
7.14 7.14 3 3 
7.143 7.143 3 3 
7.146 7.146 3 3 
7.149 7.149 3 3 
7.152 7.152 3 3 
7.155 7.155 3 3 
7.158 7.158 3 3 
7.161 7.161 3 3 
7.164 7.164 3 3 
7.167 7.167 3 3 
7.17 7.17 3 3 
7.173 7.173 3 3 
7.176 7.176 3 3 
7.179 7.179 3 3 
7.182 7.182 3 3 
7.185 7.185 3 3 
7.188 7.188 3 3 
7.191 7.191 3 3 
7.194 7.194 3 3 
7.197 7.197 3 3 
7.2 7.2 3 3 
7.203 7.203 3 3 
7.206 7.206 3 3 
7.209 7.209 3 3 
7.212 7.212 3 3 
7.215 7.215 3 3 
7.218 7.218 3 3 
7.221 7.221 3 3 
7.224 7.224 3 3 
7.227 7.227 3 3 
7.23 7.23 3 3 
7.233 7.233 3 3 
7.236 7.236 3 3 
7.239 7.239 3 3 
7.242 7.242 3 3 
7.245 7.245 3 3 
7.248 7.248 3 3 
7.251 7.251 3 3 
7.254 7.254 3 3 
7.257 7.257 3 3 
7.26 7.26 3 3 
7.263 7.263 3 3 
7.266 7.266 3 3 
7.269 7.269 3 3 
7.272 7.272 3 3 
7.275 7.275 3 3 
7.278 7.278 3 3 
7.281 7.281 3 3 
7.284 7.284 3 3 
7.287 7.287 3 3 
7.29 7.29 3 3 
7.293 7.293 3 3 
7.296 7.296 3 3 
7.299 7.299 3 3 
7.302 7.302 3 3 
7.305 7.305 3 3 
7.308 7.308 3 3 
7.311 7.311 3 3 
7.314 7.314 3 3 
7.317 7.317 3 3 
7.32 7.32 3 3 
7.323 7.323 3 3 
7.326 7.326 3 3 
7.329 7.329 3 3 
7.332 7.332 3 3 
7.335 7.335 3 3 
7.338 7.338 3 3 
7.341 7.341 3 3 
7.344 7.344 3 3 
7.347 7.347 3 3 
7.35 7.35 3 3 
7.353 7.353 3 3 
7.356 7.356 3 3 
7.359 7.359 3 3 
7.362 7.362 3 3 
7.365 7.365 3 3 
7.368 7.368 3 3 
7.371 7.371 3 3 
7.374 7.374 3 3 
7.377 7.377 3 3 
7.38 7.38 3 3 
7.383 7.383 3 3 
7.386 7.386 3 3 
7.389 7.389 3 3 
7.392 7.392 3 3 
7.395 7.395 3 3 
7.398 7.398 3 3 
7.401 7.401 3 3 
7.404 7.404 3 3 
7.407 7.407 3 3 
7.41 7.41 3 3 
7.413 7.413 3 3 
7.416 7.416 3 3 
7.419 7.419 3 3 
7.422 7.422 3 3 
7.425 7.425 3 3 
7.428 7.428 3 3 
7.431 7.431 3 3 
7.434 7.434 3 3 
7.437 7.437 3 3 
7.44 7.44 3 3 
7.443 7.443 3 3 
7.446 7.446 3 3 
7.449 7.449 3 3 
7.452 7.452 3 3 
7.455 7.455 3 3 
7.458 7.458 3 3 
7.461 7.461 3 3 
7.464 7.464 3 3 
7.467 7.467 3 3 
7.47 7.47 3 3 
7.473 7.473 3 3 
7.476 7.476 3 3 
7.479 7.479 3 3 
7.482 7.482 3 3 
7.485 7.485 3 3 
7.488 7.488 3 3 
7.491 7.491 3 3 
7.494 7.494 3 3 
7.497 7.497 3 3 
7.5 7.5 3 3 
7.503 7.503 3 3 
7.506 7.506 3 3 
7.509 7.509 3 3 
7.512 7.512 3 3 
7.515 7.515 3 3 
7.518 7.518 3 3 
7.521 7.521 3 3 
7.524 7.524 3 3 
7.527 7.527 3 3 
7.53 7.53 3 3 
7.533 7.533 3 3 
7.536 7.536 3 3 
7.539 7.539 3 3 
7.542 7.542 3 3 
7.545 7.545 3 3 
7.548 7.548 3 3 
7.551 7.551 3 3 
7.554 7.554 3 3 
7.557 7.557 3 3 
7.56 7.56 3 3 
7.563 7.563 3 3 
7.566 7.566 3 3 
7.569 7.569 3 3 
7.572 7.572 3 3 
7.575 7.575 3 3 
7.578 7.578 3 3 
7.581 7.581 3 3 
7.584 7.584 3 3 
7.587 7.587 3 3 
7.59 7.59 3 3 
7.593 7.593 3 3 
7.596 7.596 3 3 
7.599 7.599 3 3 
7.602 7.602 3 3 
7.605 7.605 3 3 
7.608 7.608 3 3 
7.611 7.611 3 3 
7.614 7.614 3 3 
7.617 7.617 3 3 
7.62 7.62 3 3 
7.623 7.623 3 3 
7.626 7.626 3 3 
7.629 7.629 3 3 
7.632 7.632 3 3 
7.635 7.635 3 3 
7.638 7.638 3 3 
7.641 7.641 3 3 
7.644 7.644 3 3 
7.647 7.647 3 3 
7.65 7.65 3 3 
7.653 7.653 3 3 
7.656 7.656 3 3 
7.659 7.659 3 3 
7.662 7.662 3 3 
7.665 7.665 3 3 
7.668 7.668 3 3 
7.671 7.671 3 3 
7.674 7.674 3 3 
7.677 7.677 3 3 
7.68 7.68 3 3 
7.683 7.683 3 3 
7.686 7.686 3 3 
7.689 7.689 3 3 
7.692 7.692 3 3 
7.695 7.695 3 3 
7.698 7.698 3 3 
7.701 7.701 3 3 
7.704 7.704 3 3 
7.707 7.707 3 3 
7.71 7.71 3 3 
7.713 7.713 3 3 
7.716 7.716 3 3 
7.719 7.719 3 3 
7.722 7.722 3 3 
7.725 7.725 3 3 
7.728 7.728 3 3 
7.731 7.731 3 3 
7.734 7.734 3 3 
7.737 7.737 3 3 
7.74 7.74 3 3 
7.743 7.743 3 3 
7.746 7.746 3 3 
7.749 7.749 3 3 
7.752 7.752 3 3 
7.755 7.755 3 3 
7.758 7.758 3 3 
7.761 7.761 3 3 
7.764 7.764 3 3 
7.767 7.767 3 3 
7.77 7.77 3 3 
7.773 7.773 3 3 
7.776 7.776 3 3 
7.779 7.779 3 3 
7.782 7.782 3 3 
7.785 7.785 3 3 
7.788 7.788 3 3 
7.791 7.791 3 3 
7.794 7.794 3 3 
7.797 7.797 3 3 
7.8 7.8 3 3 
7.803 7.803 3 3 
7.806 7.806 3 3 
7.809 7.809 3 3 
7.812 7.812 3 3 
7.815 7.815 3 3 
7.818 7.818 3 3 
7.821 7.821 3 3 
7.824 7.824 3 3 
7.827 7.827 3 3 
7.83 7.83 3 3 
7.833 7.833 3 3 
7.836 7.836 3 3 
7.839 7.839 3 3 
7.842 7.842 3 3 
7.845 7.845 3 3 
7.848 7.848 3 3 
7.851 7.851 3 3 
7.854 7.854 3 3 
7.857 7.857 3 3 
7.86 7.86 3 3 
7.863 7.863 3 3 
7.866 7.866 3 3 
7.869 7.869 3 3 
7.872 7.872 3 3 
7.875 7.875 3 3 
7.878 7.878 3 3 
7.881 7.881 3 3 
7.884 7.884 3 3 
7.887 7.887 3 3 
7.89 7.89 3 3 
7.893 7.893 3 3 
7.896 7.896 3 3 
7.899 7.899 3 3 
7.902 7.902 3 3 
7.905 7.905 3 3 
7.908 7.908 3 3 
7.911 7.911 3 3 
7.914 7.914 3 3 
7.917 7.917 3 3 
7.92 7.92 3 3 
7.923 7.923 3 3 
7.926 7.926 3 3 
7.929 7.929 3 3 
7.932 7.932 3 3 
7.935 7.935 3 3 
7.938 7.938 3 3 
7.941 7.941 3 3 
7.944 7.944 3 3 
7.947 7.947 3 3 
7.95 7.95 3 3 
7.953 7.953 3 3 
7.956 7.956 3 3 
7.959 7.959 3 3 
7.962 7.962 3 3 
7.965 7.965 3 3 
7.968 7.968 3 3 
7.971 7.971 3 3 
7.974 7.974 3 3 
7.977 7.977 3 3 
7.98 7.98 3 3 
7.983 7.983 3 3 
7.986 7.986 3 3 
7.989 7.989 3 3 
7.992 7.992 3 3 
7.995 7.995 3 3 
7.998 7.998 3 3 
8.001 8.001 3 3 
8.004 8.004 3 3 
8.007 8.007 3 3 
8.01 8.01 3 3 
8.013 8.013 3 3 
8.016 8.016 3 3 
8.019 8.019 3 3 
8.022 8.022 3 3 
8.025 8.025 3 3 
8.028 8.028 3 3 
8.031 8.031 3 3 
8.034 8.034 3 3 
8.037 8.037 3 3 
8.04 8.04 3 3 
8.043 8.043 3 3 
8.046 8.046 3 3 
8.049 8.049 3 3 
8.052 8.052 3 3 
8.055 8.055 3 3 
8.058 8.058 3 3 
8.061 8.061 3 3 
8.064 8.064 3 3 
8.067 8.067 3 3 
8.07 8.07 3 3 
8.073 8.073 3 3 
8.076 8.076 3 3 
8.079 8.079 3 3 
8.082 8.082 3 3 
8.085 8.085 3 3 
8.088 8.088 3 3 
8.091 8.091 3 3 
8.094 8.094 3 3 
8.097 8.097 3 3 
8.1 8.1 3 3 
8.103 8.103 3 3 
8.106 8.106 3 3 
8.109 8.109 3 3 
8.112 8.112 3 3 
8.115 8.115 3 3 
8.118 8.118 3 3 
8.121 8.121 3 3 
8.124 8.124 3 3 
8.127 8.127 3 3 
8.13 8.13 3 3 
8.133 8.133 3 3 
8.136 8.136 3 3 
8.139 8.139 3 3 
8.142 8.142 3 3 
8.145 8.145 3 3 
8.148 8.148 3 3 
8.151 8.151 3 3 
8.154 8.154 3 3 
8.157 8.157 3 3 
8.16 8.16 3 3 
8.163 8.163 3 3 
8.166 8.166 3 3 
8.169 8.169 3 3 
8.172 8.172 3 3 
8.175 8.175 3 3 
8.178 8.178 3 3 
8.181 8.181 3 3 
8.184 8.184 3 3 
8.187 8.187 3 3 
8.19 8.19 3 3 
8.193 8.193 3 3 
8.196 8.196 3 3 
8.199 8.199 3 3 
8.202 8.202 3 3 
8.205 8.205 3 3 
8.208 8.208 3 3 
8.211 8.211 3 3 
8.214 8.214 3 3 
8.217 8.217 3 3 
8.22 8.22 3 3 
8.223 8.223 3 3 
8.226 8.226 3 3 
8.229 8.229 3 3 
8.232 8.232 3 3 
8.235 8.235 3 3 
8.238 8.238 3 3 
8.241 8.241 3 3 
8.244 8.244 3 3 
8.247 8.247 3 3 
8.25 8.25 3 3 
8.253 8.253 3 3 
8.256 8.256 3 3 
8.259 8.259 3 3 
8.262 8.262 3 3 
8.265 8.265 3 3 
8.268 8.268 3 3 
8.271 8.271 3 3 
8.274 8.274 3 3 
8.277 8.277 3 3 
8.28 8.28 3 3 
8.283 8.283 3 3 
8.286 8.286 3 3 
8.289 8.289 3 3 
8.292 8.292 3 3 
8.295 8.295 3 3 
8.298 8.298 3 3 
8.301 8.301 3 3 
8.304 8.304 3 3 
8.307 8.307 3 3 
8.31 8.31 3 3 
8.313 8.313 3 3 
8.316 8.316 3 3 
8.319 8.319 3 3 
8.322 8.322 3 3 
8.325 8.325 3 3 
8.328 8.328 3 3 
8.331 8.331 3 3 
8.334 8.334 3 3 
8.337 8.337 3 3 
8.34 8.34 3 3 
8.343 8.343 3 3 
8.346 8.346 3 3 
8.349 8.349 3 3 
8.352 8.352 3 3 
8.355 8.355 3 3 
8.358 8.358 3 3 
8.361 8.361 3 3 
8.364 8.364 3 3 
8.367 8.367 3 3 
8.37 8.37 3 3 
8.373 8.373 3 3 
8.376 8.376 3 3 
8.379 8.379 3 3 
8.382 8.382 3 3 
8.385 8.385 3 3 
8.388 8.388 3 3 
8.391 8.391 3 3 
8.394 8.394 3 3 
8.397 8.397 3 3 
8.4 8.4 3 3 
8.403 8.403 3 3 
8.406 8.406 3 3 
8.409 8.409 3 3 
8.412 8.412 3 3 
8.415 8.415 3 3 
8.418 8.418 3 3 
8.421 8.421 3 3 
8.424 8.424 3 3 
8.427 8.427 3 3 
8.43 8.43 3 3 
8.433 8.433 3 3 
8.436 8.436 3 3 
8.439 8.439 3 3 
8.442 8.442 3 3 
8.445 8.445 3 3 
8.448 8.448 3 3 
8.451 8.451 3 3 
8.454 8.454 3 3 
8.457 8.457 3 3 
8.46 8.46 3 3 
8.463 8.463 3 3 
8.466 8.466 3 3 
8.469 8.469 3 3 
8.472 8.472 3 3 
8.475 8.475 3 3 
8.478 8.478 3 3 
8.481 8.481 3 3 
8.484 8.484 3 3 
8.487 8.487 3 3 
8.49 8.49 3 3 
8.493 8.493 3 3 
8.496 8.496 3 3 
8.499 8.499 3 3 
8.502 8.502 3 3 
8.505 8.505 3 3 
8.508 8.508 3 3 
8.511 8.511 3 3 
8.514 8.514 3 3 
8.517 8.517 3 3 
8.52 8.52 3 3 
8.523 8.523 3 3 
8.526 8.526 3 3 
8.529 8.529 3 3 
8.532 8.532 3 3 
8.535 8.535 3 3 
8.538 8.538 3 3 
8.541 8.541 3 3 
8.544 8.544 3 3 
8.547 8.547 3 3 
8.55 8.55 3 3 
8.553 8.553 3 3 
8.556 8.556 3 3 
8.559 8.559 3 3 
8.562 8.562 3 3 
8.565 8.565 3 3 
8.568 8.568 3 3 
8.571 8.571 3 3 
8.574 8.574 3 3 
8.577 8.577 3 3 
8.58 8.58 3 3 
8.583 8.583 3 3 
8.586 8.586 3 3 
8.589 8.589 3 3 
8.592 8.592 3 3 
8.595 8.595 3 3 
8.598 8.598 3 3 
8.601 8.601 3 3 
8.604 8.604 3 3 
8.607 8.607 3 3 
8.61 8.61 3 3 
8.613 8.613 3 3 
8.616 8.616 3 3 
8.619 8.619 3 3 
8.622 8.622 3 3 
8.625 8.625 3 3 
8.628 8.628 3 3 
8.631 8.631 3 3 
8.634 8.634 3 3 
8.637 8.637 3 3 
8.64 8.64 3 3 
8.643 8.643 3 3 
8.646 8.646 3 3 
8.649 8.649 3 3 
8.652 8.652 3 3 
8.655 8.655 3 3 
8.658 8.658 3 3 
8.661 8.661 3 3 
8.664 8.664 3 3 
8.667 8.667 3 3 
8.67 8.67 3 3 
8.673 8.673 3 3 
8.676 8.676 3 3 
8.679 8.679 3 3 
8.682 8.682 3 3 
8.685 8.685 3 3 
8.688 8.688 3 3 
8.691 8.691 3 3 
8.694 8.694 3 3 
8.697 8.697 3 3 
8.7 8.7 3 3 
8.703 8.703 3 3 
8.706 8.706 3 3 
8.709 8.709 3 3 
8.712 8.712 3 3 
8.715 8.715 3 3 
8.718 8.718 3 3 
8.721 8.721 3 3 
8.724 8.724 3 3 
8.727 8.727 3 3 
8.73 8.73 3 3 
8.733 8.733 3 3 
8.736 8.736 3 3 
8.739 8.739 3 3 
8.742 8.742 3 3 
8.745 8.745 3 3 
8.748 8.748 3 3 
8.751 8.751 3 3 
8.754 8.754 3 3 
8.757 8.757 3 3 
8.76 8.76 3 3 
8.763 8.763 3 3 
8.766 8.766 3 3 
8.769 8.769 3 3 
8.772 8.772 3 3 
8.775 8.775 3 3 
8.778 8.778 3 3 
8.781 8.781 3 3 
8.784 8.784 3 3 
8.787 8.787 3 3 
8.79 8.79 3 3 
8.793 8.793 3 3 
8.796 8.796 3 3 
8.799 8.799 3 3 
8.802 8.802 3 3 
8.805 8.805 3 3 
8.808 8.808 3 3 
8.811 8.811 3 3 
8.814 8.814 3 3 
8.817 8.817 3 3 
8.82 8.82 3 3 
8.823 8.823 3 3 
8.826 8.826 3 3 
8.829 8.829 3 3 
8.832 8.832 3 3 
8.835 8.835 3 3 
8.838 8.838 3 3 
8.841 8.841 3 3 
8.844 8.844 3 3 
8.847 8.847 3 3 
8.85 8.85 3 3 
8.853 8.853 3 3 
8.856 8.856 3 3 
8.859 8.859 3 3 
8.862 8.862 3 3 
8.865 8.865 3 3 
8.868 8.868 3 3 
8.871 8.871 3 3 
8.874 8.874 3 3 
8.877 8.877 3 3 
8.88 8.88 3 3 
8.883 8.883 3 3 
8.886 8.886 3 3 
8.889 8.889 3 3 
8.892 8.892 3 3 
8.895 8.895 3 3 
8.898 8.898 3 3 
8.901 8.901 3 3 
8.904 8.904 3 3 
8.907 8.907 3 3 
8.91 8.91 3 3 
8.913 8.913 3 3 
8.916 8.916 3 3 
8.919 8.919 3 3 
8.922 8.922 3 3 
8.925 8.925 3 3 
8.928 8.928 3 3 
8.931 8.931 3 3 
8.934 8.934 3 3 
8.937 8.937 3 3 
8.94 8.94 3 3 
8.943 8.943 3 3 
8.946 8.946 3 3 
8.949 8.949 3 3 
8.952 8.952 3 3 
8.955 8.955 3 3 
8.958 8.958 3 3 
8.961 8.961 3 3 
8.964 8.964 3 3 
8.967 8.967 3 3 
8.97 8.97 3 3 
8.973 8.973 3 3 
8.976 8.976 3 3 
8.979 8.979 3 3 
8.982 8.982 3 3 
8.985 8.985 3 3 
8.988 8.988 3 3 
8.991 8.991 3 3 
8.994 8.994 3 3 
8.997 8.997 3 3 
9 9 3 3 
9.003 9.003 3 3 
9.006 9.006 3 3 
9.009 9.009 3 3 
9.012 9.012 3 3 
9.015 9.015 3 3 
9.018 9.018 3 3 
9.021 9.021 3 3 
9.024 9.024 3 3 
9.027 9.027 3 3 
9.03 9.03 3 3 
9.033 9.033 3 3 
9.036 9.036 3 3 
9.039 9.039 3 3 
9.042 9.042 3 3 
9.045 9.045 3 3 
9.048 9.048 3 3 
9.051 9.051 3 3 
9.054 9.054 3 3 
9.057 9.057 3 3 
9.06 9.06 3 3 
9.063 9.063 3 3 
9.066 9.066 3 3 
9.069 9.069 3 3 
9.072 9.072 3 3 
9.075 9.075 3 3 
9.078 9.078 3 3 
9.081 9.081 3 3 
9.084 9.084 3 3 
9.087 9.087 3 3 
9.09 9.09 3 3 
9.093 9.093 3 3 
9.096 9.096 3 3 
9.099 9.099 3 3 
9.102 9.102 3 3 
9.105 9.105 3 3 
9.108 9.108 3 3 
9.111 9.111 3 3 
9.114 9.114 3 3 
9.117 9.117 3 3 
9.12 9.12 3 3 
9.123 9.123 3 3 
9.126 9.126 3 3 
9.129 9.129 3 3 
9.132 9.132 3 3 
9.135 9.135 3 3 
9.138 9.138 3 3 
9.141 9.141 3 3 
9.144 9.144 3 3 
9.147 9.147 3 3 
9.15 9.15 3 3 
9.153 9.153 3 3 
9.156 9.156 3 3 
9.159 9.159 3 3 
9.162 9.162 3 3 
9.165 9.165 3 3 
9.168 9.168 3 3 
9.171 9.171 3 3 
9.174 9.174 3 3 
9.177 9.177 3 3 
9.18 9.18 3 3 
9.183 9.183 3 3 
9.186 9.186 3 3 
9.189 9.189 3 3 
9.192 9.192 3 3 
9.195 9.195 3 3 
9.198 9.198 3 3 
9.201 9.201 3 3 
9.204 9.204 3 3 
9.207 9.207 3 3 
9.21 9.21 3 3 
9.213 9.213 3 3 
9.216 9.216 3 3 
9.219 9.219 3 3 
9.222 9.222 3 3 
9.225 9.225 3 3 
9.228 9.228 3 3 
9.231 9.231 3 3 
9.234 9.234 3 3 
9.237 9.237 3 3 
9.24 9.24 3 3 
9.243 9.243 3 3 
9.246 9.246 3 3 
9.249 9.249 3 3 
9.252 9.252 2.996 2.996 
9.25499 9.25499 2.99 2.99 
9.25798 9.25798 2.984 2.984 
9.26096 9.26096 2.978 2.978 
9.26393 9.26393 2.972 2.972 
9.2669 9.2669 2.966 2.966 
9.26987 9.26987 2.96 2.96 
9.27282 9.27282 2.954 2.954 
9.27577 9.27577 2.948 2.948 
9.27872 9.27872 2.942 2.942 
9.28166 9.28166 2.936 2.936 
9.28459 9.28459 2.93 2.93 
9.28752 9.28752 2.924 2.924 
9.29044 9.29044 2.918 2.918 
9.29335 9.29335 2.912 2.912 
9.29626 9.29626 2.906 2.906 
9.29917 9.29917 2.9 2.9 
9.30206 9.30206 2.894 2.894 
9.30495 9.30495 2.888 2.888 
9.30784 9.30784 2.882 2.882 
9.31072 9.31072 2.876 2.876 
9.31359 9.31359 2.87 2.87 
9.31646 9.31646 2.864 2.864 
9.31932 9.31932 2.858 2.858 
9.32217 9.32217 2.852 2.852 
9.32502 9.32502 2.846 2.846 
9.32787 9.32787 2.84 2.84 
9.3307 9.3307 2.834 2.834 
9.33353 9.33353 2.828 2.828 
9.33636 9.33636 2.822 2.822 
9.33918 9.33918 2.816 2.816 
9.34199 9.34199 2.81 2.81 
9.3448 9.3448 2.804 2.804 
9.3476 9.3476 2.798 2.798 
9.35039 9.35039 2.792 2.792 
9.35318 9.35318 2.786 2.786 
9.35597 9.35597 2.78 2.78 
9.35874 9.35874 2.774 2.774 
9.36151 9.36151 2.768 2.768 
9.36428 9.36428 2.762 2.762 
9.36704 9.36704 2.756 2.756 
9.36979 9.36979 2.75 2.75 
9.37254 9.37254 2.744 2.744 
9.37528 9.37528 2.738 2.738 
9.37801 9.37801 2.732 2.732 
9.38074 9.38074 2.726 2.726 
9.38347 9.38347 2.72 2.72 
9.38618 9.38618 2.714 2.714 
9.38889 9.38889 2.708 2.708 
9.3916 9.3916 2.702 2.702 
9.3943 9.3943 2.696 2.696 
9.39699 9.39699 2.69 2.69 
9.39968 9.39968 2.684 2.684 
9.40236 9.40236 2.678 2.678 
9.40503 9.40503 2.672 2.672 
9.4077 9.4077 2.666 2.666 
9.41037 9.41037 2.66 2.66 
9.41302 9.41302 2.654 2.654 
9.41567 9.41567 2.648 2.648 
9.41832 9.41832 2.642 2.642 
9.42096 9.42096 2.636 2.636 
9.42359 9.42359 2.63 2.63 
9.42622 9.42622 2.624 2.624 
9.42884 9.42884 2.618 2.618 
9.43145 9.43145 2.612 2.612 
9.43406 9.43406 2.606 2.606 
9.43667 9.43667 2.6 2.6 
9.43926 9.43926 2.594 2.594 
9.44185 9.44185 2.588 2.588 
9.44444 9.44444 2.582 2.582 
9.44702 9.44702 2.576 2.576 
9.44959 9.44959 2.57 2.57 
9.45216 9.45216 2.564 2.564 
9.45472 9.45472 2.558 2.558 
9.45727 9.45727 2.552 2.552 
9.45982 9.45982 2.546 2.546 
9.46237 9.46237 2.54 2.54 
9.4649 9.4649 2.534 2.534 
9.46743 9.46743 2.528 2.528 
9.46996 9.46996 2.522 2.522 
9.47248 9.47248 2.516 2.516 
9.47499 9.47499 2.51 2.51 
9.4775 9.4775 2.504 2.504 
9.48 9.48 2.498 2.498 
9.48249 9.48249 2.492 2.492 
9.48498 9.48498 2.486 2.486 
9.48747 9.48747 2.48 2.48 
9.48994 9.48994 2.474 2.474 
9.49241 9.49241 2.468 2.468 
9.49488 9.49488 2.462 2.462 
9.49734 9.49734 2.456 2.456 
9.49979 9.49979 2.45 2.45 
9.50224 9.50224 2.444 2.444 
9.50468 9.50468 2.438 2.438 
9.50711 9.50711 2.432 2.432 
9.50954 9.50954 2.426 2.426 
9.51197 9.51197 2.42 2.42 
9.51438 9.51438 2.414 2.414 
9.51679 9.51679 2.408 2.408 
9.5192 9.5192 2.402 2.402 
9.5216 9.5216 2.396 2.396 
9.52399 9.52399 2.39 2.39 
9.52638 9.52638 2.384 2.384 
9.52876 9.52876 2.378 2.378 
9.53113 9.53113 2.372 2.372 
9.5335 9.5335 2.366 2.366 
9.53587 9.53587 2.36 2.36 
9.53822 9.53822 2.354 2.354 
9.54057 9.54057 2.348 2.348 
9.54292 9.54292 2.342 2.342 
9.54526 9.54526 2.336 2.336 
9.54759 9.54759 2.33 2.33 
9.54992 9.54992 2.324 2.324 
9.55224 9.55224 2.318 2.318 
9.55455 9.55455 2.312 2.312 
9.55686 9.55686 2.306 2.306 
9.55917 9.55917 2.3 2.3 
9.56146 9.56146 2.294 2.294 
9.56375 9.56375 2.288 2.288 
9.56604 9.56604 2.282 2.282 
9.56832 9.56832 2.276 2.276 
9.57059 9.57059 2.27 2.27 
9.57286 9.57286 2.264 2.264 
9.57512 9.57512 2.258 2.258 
9.57737 9.57737 2.252 2.252 
9.57962 9.57962 2.246 2.246 
9.58187 9.58187 2.24 2.24 
9.5841 9.5841 2.234 2.234 
9.58633 9.58633 2.228 2.228 
9.58856 9.58856 2.222 2.222 
9.59078 9.59078 2.216 2.216 
9.59299 9.59299 2.21 2.21 
9.5952 9.5952 2.204 2.204 
9.5974 9.5974 2.198 2.198 
9.59959 9.59959 2.192 2.192 
9.60178 9.60178 2.186 2.186 
9.60397 9.60397 2.18 2.18 
9.60614 9.60614 2.174 2.174 
9.60831 9.60831 2.168 2.168 
9.61048 9.61048 2.162 2.162 
9.61264 9.61264 2.156 2.156 
9.61479 9.61479 2.15 2.15 
9.61694 9.61694 2.144 2.144 
9.61908 9.61908 2.138 2.138 
9.62121 9.62121 2.132 2.132 
9.62334 9.62334 2.126 2.126 
9.62547 9.62547 2.12 2.12 
9.62758 9.62758 2.114 2.114 
9.62969 9.62969 2.108 2.108 
9.6318 9.6318 2.102 2.102 
9.6339 9.6339 2.096 2.096 
9.63599 9.63599 2.09 2.09 
9.63808 9.63808 2.084 2.084 
9.64016 9.64016 2.078 2.078 
9.64223 9.64223 2.072 2.072 
9.6443 9.6443 2.066 2.066 
9.64637 9.64637 2.06 2.06 
9.64842 9.64842 2.054 2.054 
9.65047 9.65047 2.048 2.048 
9.65252 9.65252 2.042 2.042 
9.65456 9.65456 2.036 2.036 
9.65659 9.65659 2.03 2.03 
9.65862 9.65862 2.024 2.024 
9.66064 9.66064 2.018 2.018 
9.66265 9.66265 2.012 2.012 
9.66466 9.66466 2.006 2.006 
9.66667 9.66667 2 2 
9.66866 9.66866 1.994 1.994 
9.67065 9.67065 1.988 1.988 
9.67264 9.67264 1.982 1.982 
9.67462 9.67462 1.976 1.976 
9.67659 9.67659 1.97 1.97 
9.67856 9.67856 1.964 1.964 
9.68052 9.68052 1.958 1.958 
9.68247 9.68247 1.952 1.952 
9.68442 9.68442 1.946 1.946 
9.68637 9.68637 1.94 1.94 
9.6883 9.6883 1.934 1.934 
9.69023 9.69023 1.928 1.928 
9.69216 9.69216 1.922 1.922 
9.69408 9.69408 1.916 1.916 
9.69599 9.69599 1.91 1.91 
9.6979 9.6979 1.904 1.904 
9.6998 9.6998 1.898 1.898 
9.70169 9.70169 1.892 1.892 
9.70358 9.70358 1.886 1.886 
9.70547 9.70547 1.88 1.88 
9.70734 9.70734 1.874 1.874 
9.70921 9.70921 1.868 1.868 
9.71108 9.71108 1.862 1.862 
9.71294 9.71294 1.856 1.856 
9.71479 9.71479 1.85 1.85 
9.71664 9.71664 1.844 1.844 
9.71848 9.71848 1.838 1.838 
9.72031 9.72031 1.832 1.832 
9.72214 9.72214 1.826 1.826 
9.72397 9.72397 1.82 1.82 
9.72578 9.72578 1.814 1.814 
9.72759 9.72759 1.808 1.808 
9.7294 9.7294 1.802 1.802 
9.7312 9.7312 1.796 1.796 
9.73299 9.73299 1.79 1.79 
9.73478 9.73478 1.784 1.784 
9.73656 9.73656 1.778 1.778 
9.73833 9.73833 1.772 1.772 
9.7401 9.7401 1.766 1.766 
9.74187 9.74187 1.76 1.76 
9.74362 9.74362 1.754 1.754 
9.74537 9.74537 1.748 1.748 
9.74712 9.74712 1.742 1.742 
9.74886 9.74886 1.736 1.736 
9.75059 9.75059 1.73 1.73 
9.75232 9.75232 1.724 1.724 
9.75404 9.75404 1.718 1.718 
9.75575 9.75575 1.712 1.712 
9.75746 9.75746 1.706 1.706 
9.75917 9.75917 1.7 1.7 
9.76086 9.76086 1.694 1.694 
9.76255 9.76255 1.688 1.688 
9.76424 9.76424 1.682 1.682 
9.76592 9.76592 1.676 1.676 
9.76759 9.76759 1.67 1.67 
9.76926 9.76926 1.664 1.664 
9.77092 9.77092 1.658 1.658 
9.77257 9.77257 1.652 1.652 
9.77422 9.77422 1.646 1.646 
9.77587 9.77587 1.64 1.64 
9.7775 9.7775 1.634 1.634 
9.77913 9.77913 1.628 1.628 
9.78076 9.78076 1.622 1.622 
9.78238 9.78238 1.616 1.616 
9.78399 9.78399 1.61 1.61 
9.7856 9.7856 1.604 1.604 
9.7872 9.7872 1.598 1.598 
9.78879 9.78879 1.592 1.592 
9.79038 9.79038 1.586 1.586 
9.79197 9.79197 1.58 1.58 
9.79354 9.79354 1.574 1.574 
9.79511 9.79511 1.568 1.568 
9.79668 9.79668 1.562 1.562 
9.79824 9.79824 1.556 1.556 
9.79979 9.79979 1.55 1.55 
9.80134 9.80134 1.544 1.544 
9.80288 9.80288 1.538 1.538 
9.80441 9.80441 1.532 1.532 
9.80594 9.80594 1.526 1.526 
9.80747 9.80747 1.52 1.52 
9.80898 9.80898 1.514 1.514 
9.81049 9.81049 1.508 1.508 
9.812 9.812 1.502 1.502 
9.8135 9.8135 1.496 1.496 
9.81499 9.81499 1.49 1.49 
9.81648 9.81648 1.484 1.484 
9.81796 9.81796 1.478 1.478 
9.81943 9.81943 1.472 1.472 
9.8209 9.8209 1.466 1.466 
9.82237 9.82237 1.46 1.46 
9.82382 9.82382 1.454 1.454 
9.82527 9.82527 1.448 1.448 
9.82672 9.82672 1.442 1.442 
9.82816 9.82816 1.436 1.436 
9.82959 9.82959 1.43 1.43 
9.83102 9.83102 1.424 1.424 
9.83244 9.83244 1.418 1.418 
9.83385 9.83385 1.412 1.412 
9.83526 9.83526 1.406 1.406 
9.83667 9.83667 1.4 1.4 
9.83806 9.83806 1.394 1.394 
9.83945 9.83945 1.388 1.388 
9.84084 9.84084 1.382 1.382 
9.84222 9.84222 1.376 1.376 
9.84359 9.84359 1.37 1.37 
9.84496 9.84496 1.364 1.364 
9.84632 9.84632 1.358 1.358 
9.84767 9.84767 1.352 1.352 
9.84902 9.84902 1.346 1.346 
9.85037 9.85037 1.34 1.34 
9.8517 9.8517 1.334 1.334 
9.85303 9.85303 1.328 1.328 
9.85436 9.85436 1.322 1.322 
9.85568 9.85568 1.316 1.316 
9.85699 9.85699 1.31 1.31 
9.8583 9.8583 1.304 1.304 
9.8596 9.8596 1.298 1.298 
9.86089 9.86089 1.292 1.292 
9.86218 9.86218 1.286 1.286 
9.86347 9.86347 1.28 1.28 
9.86474 9.86474 1.274 1.274 
9.86601 9.86601 1.268 1.268 
9.86728 9.86728 1.262 1.262 
9.86854 9.86854 1.256 1.256 
9.86979 9.86979 1.25 1.25 
9.87104 9.87104 1.244 1.244 
9.87228 9.87228 1.238 1.238 
9.87351 9.87351 1.232 1.232 
9.87474 9.87474 1.226 1.226 
9.87597 9.87597 1.22 1.22 
9.87718 9.87718 1.214 1.214 
9.87839 9.87839 1.208 1.208 
9.8796 9.8796 1.202 1.202 
9.8808 9.8808 1.196 1.196 
9.88199 9.88199 1.19 1.19 
9.88318 9.88318 1.184 1.184 
9.88436 9.88436 1.178 1.178 
9.88553 9.88553 1.172 1.172 
9.8867 9.8867 1.166 1.166 
9.88787 9.88787 1.16 1.16 
9.88902 9.88902 1.154 1.154 
9.89017 9.89017 1.148 1.148 
9.89132 9.89132 1.142 1.142 
9.89246 9.89246 1.136 1.136 
9.89359 9.89359 1.13 1.13 
9.89472 9.89472 1.124 1.124 
9.89584 9.89584 1.118 1.118 
9.89695 9.89695 1.112 1.112 
9.89806 9.89806 1.106 1.106 
9.89917 9.89917 1.1 1.1 
9.90026 9.90026 1.094 1.094 
9.90135 9.90135 1.088 1.088 
9.90244 9.90244 1.082 1.082 
9.90352 9.90352 1.076 1.076 
9.90459 9.90459 1.07 1.07 
9.90566 9.90566 1.064 1.064 
9.90672 9.90672 1.058 1.058 
9.90777 9.90777 1.052 1.052 
9.90882 9.90882 1.046 1.046 
9.90987 9.90987 1.04 1.04 
9.9109 9.9109 1.034 1.034 
9.91193 9.91193 1.028 1.028 
9.91296 9.91296 1.022 1.022 
9.91398 9.91398 1.016 1.016 
9.91499 9.91499 1.01 1.01 
9.916 9.916 1.004 1.004 
9.917 9.917 0.998 0.998 
9.91799 9.91799 0.992 0.992 
9.91898 9.91898 0.986 0.986 
9.91997 9.91997 0.98 0.98 
9.92094 9.92094 0.974 0.974 
9.92191 9.92191 0.968 0.968 
9.92288 9.92288 0.962 0.962 
9.92384 9.92384 0.956 0.956 
9.92479 9.92479 0.95 0.95 
9.92574 9.92574 0.944 0.944 
9.92668 9.92668 0.938 0.938 
9.92761 9.92761 0.932 0.932 
9.92854 9.92854 0.926 0.926 
9.92947 9.92947 0.92 0.92 
9.93038 9.93038 0.914 0.914 
9.93129 9.93129 0.908 0.908 
9.9322 9.9322 0.902 0.902 
9.9331 9.9331 0.896 0.896 
9.93399 9.93399 0.89 0.89 
9.93488 9.93488 0.884 0.884 
9.93576 9.93576 0.878 0.878 
9.93663 9.93663 0.872 0.872 
9.9375 9.9375 0.866 0.866 
9.93837 9.93837 0.86 0.86 
9.93922 9.93922 0.854 0.854 
9.94007 9.94007 0.848 0.848 
9.94092 9.94092 0.842 0.842 
9.94176 9.94176 0.836 0.836 
9.94259 9.94259 0.83 0.83 
9.94342 9.94342 0.824 0.824 
9.94424 9.94424 0.818 0.818 
9.94505 9.94505 0.812 0.812 
9.94586 9.94586 0.806 0.806 
9.94667 9.94667 0.8 0.8 
9.94746 9.94746 0.794 0.794 
9.94825 9.94825 0.788 0.788 
9.94904 9.94904 0.782 0.782 
9.94982 9.94982 0.776 0.776 
9.95059 9.95059 0.77 0.77 
9.95136 9.95136 0.764 0.764 
9.95212 9.95212 0.758 0.758 
9.95287 9.95287 0.752 0.752 
9.95362 9.95362 0.746 0.746 
9.95437 9.95437 0.74 0.74 
9.9551 9.9551 0.734 0.734 
9.95583 9.95583 0.728 0.728 
9.95656 9.95656 0.722 0.722 
9.95728 9.95728 0.716 0.716 
9.95799 9.95799 0.71 0.71 
9.9587 9.9587 0.704 0.704 
9.9594 9.9594 0.698 0.698 
9.96009 9.96009 0.692 0.692 
9.96078 9.96078 0.686 0.686 
9.96147 9.96147 0.68 0.68 
9.96214 9.96214 0.674 0.674 
9.96281 9.96281 0.668 0.668 
9.96348 9.96348 0.662 0.662 
9.96414 9.96414 0.656 0.656 
9.96479 9.96479 0.65 0.65 
9.96544 9.96544 0.644 0.644 
9.96608 9.96608 0.638 0.638 
9.96671 9.96671 0.632 0.632 
9.96734 9.96734 0.626 0.626 
9.96797 9.96797 0.62 0.62 
9.96858 9.96858 0.614 0.614 
9.96919 9.96919 0.608 0.608 
9.9698 9.9698 0.602 0.602 
9.9704 9.9704 0.596 0.596 
9.97099 9.97099 0.59 0.59 
9.97158 9.97158 0.584 0.584 
9.97216 9.97216 0.578 0.578 
9.97273 9.97273 0.572 0.572 
9.9733 9.9733 0.566 0.566 
9.97387 9.97387 0.56 0.56 
9.97442 9.97442 0.554 0.554 
9.97497 9.97497 0.548 0.548 
9.97552 9.97552 0.542 0.542 
9.97606 9.97606 0.536 0.536 
9.97659 9.97659 0.53 0.53 
9.97712 9.97712 0.524 0.524 
9.97764 9.97764 0.518 0.518 
9.97815 9.97815 0.512 0.512 
9.97866 9.97866 0.506 0.506 
9.97917 9.97917 0.5 0.5 
9.97966 9.97966 0.494 0.494 
9.98015 9.98015 0.488 0.488 
9.98064 9.98064 0.482 0.482 
9.98112 9.98112 0.476 0.476 
9.98159 9.98159 0.47 0.47 
9.98206 9.98206 0.464 0.464 
9.98252 9.98252 0.458 0.458 
9.98297 9.98297 0.452 0.452 
9.98342 9.98342 0.446 0.446 
9.98387 9.98387 0.44 0.44 
9.9843 9.9843 0.434 0.434 
9.98473 9.98473 0.428 0.428 
9.98516 9.98516 0.422 0.422 
9.98558 9.98558 0.416 0.416 
9.98599 9.98599 0.41 0.41 
9.9864 9.9864 0.404 0.404 
9.9868 9.9868 0.398 0.398 
9.98719 9.98719 0.392 0.392 
9.98758 9.98758 0.386 0.386 
9.98797 9.98797 0.38 0.38 
9.98834 9.98834 0.374 0.374 
9.98871 9.98871 0.368 0.368 
9.98908 9.98908 0.362 0.362 
9.98944 9.98944 0.356 0.356 
9.98979 9.98979 0.35 0.35 
9.99014 9.99014 0.344 0.344 
9.99048 9.99048 0.338 0.338 
9.99081 9.99081 0.332 0.332 
9.99114 9.99114 0.326 0.326 
9.99147 9.99147 0.32 0.32 
9.99178 9.99178 0.314 0.314 
9.99209 9.99209 0.308 0.308 
9.9924 9.9924 0.302 0.302 
9.9927 9.9927 0.296 0.296 
9.99299 9.99299 0.29 0.29 
9.99328 9.99328 0.284 0.284 
9.99356 9.99356 0.278 0.278 
9.99383 9.99383 0.272 0.272 
9.9941 9.9941 0.266 0.266 
9.99437 9.99437 0.26 0.26 
9.99462 9.99462 0.254 0.254 
9.99487 9.99487 0.248 0.248 
9.99512 9.99512 0.242 0.242 
9.99536 9.99536 0.236 0.236 
9.99559 9.99559 0.23 0.23 
9.99582 9.99582 0.224 0.224 
9.99604 9.99604 0.218 0.218 
9.99625 9.99625 0.212 0.212 
9.99646 9.99646 0.206 0.206 
9.99667 9.99667 0.2 0.2 
9.99686 9.99686 0.194 0.194 
9.99705 9.99705 0.188 0.188 
9.99724 9.99724 0.182 0.182 
9.99742 9.99742 0.176 0.176 
9.99759 9.99759 0.17 0.17 
9.99776 9.99776 0.164 0.164 
9.99792 9.99792 0.158 0.158 
9.99807 9.99807 0.152 0.152 
9.99822 9.99822 0.146 0.146 
9.99837 9.99837 0.14 0.14 
9.9985 9.9985 0.134 0.134 
9.99863 9.99863 0.128 0.128 
9.99876 9.99876 0.122 0.122 
9.99888 9.99888 0.116 0.116 
9.99899 9.99899 0.11 0.11 
9.9991 9.9991 0.104 0.104 
9.9992 9.9992 0.098 0.098 
9.99929 9.99929 0.092 0.092 
9.99938 9.99938 0.086 0.086 
9.99947 9.99947 0.08 0.08 
9.99954 9.99954 0.074 0.074 
9.99961 9.99961 0.068 0.068 
9.99968 9.99968 0.062 0.062 
9.99974 9.99974 0.056 0.056 
9.99979 9.99979 0.05 0.05 
9.99984 9.99984 0.044 0.044 
9.99988 9.99988 0.038 0.038 
9.99991 9.99991 0.032 0.032 
9.99994 9.99994 0.026 0.026 
9.99997 9.99997 0.02 0.02 
9.99998 9.99998 0.014 0.014 
9.99999 9.99999 0.008 0.008 
10 10 0.002 0.002 
10 10 0 0 
