0 0 0 0 0 0 0 0 0 0 0 0 
5e-06 0 0 0 0 0 0.01 0 0 0 0 0 
2e-05 0 0 0 0 0 0.02 0 0 0 0 0 
4.5e-05 0 0 0 0 0 0.03 0 0 0 0 0 
8e-05 0 0 0 0 0 0.04 0 0 0 0 0 
0.000125 0 0 0 0 0 0.05 0 0 0 0 0 
0.00018 0 0 0 0 0 0.06 0 0 0 0 0 
0.000245 0 0 0 0 0 0.07 0 0 0 0 0 
0.00032 0 0 0 0 0 0.08 0 0 0 0 0 
0.000405 0 0 0 0 0 0.09 0 0 0 0 0 
0.0005 0 0 0 0 0 0.1 0 0 0 0 0 
0.000605 0 0 0 0 0 0.11 0 0 0 0 0 
0.00072 0 0 0 0 0 0.12 0 0 0 0 0 
0.000845 0 0 0 0 0 0.13 0 0 0 0 0 
0.00098 0 0 0 0 0 0.14 0 0 0 0 0 
0.001125 0 0 0 0 0 0.15 0 0 0 0 0 
0.00128 0 0 0 0 0 0.16 0 0 0 0 0 
0.001445 0 0 0 0 0 0.17 0 0 0 0 0 
0.00162 0 0 0 0 0 0.18 0 0 0 0 0 
0.001805 0 0 0 0 0 0.19 0 0 0 0 0 
0.002 0 0 0 0 0 0.2 0 0 0 0 0 
0.002205 0 0 0 0 0 0.21 0 0 0 0 0 
0.00242 0 0 0 0 0 0.22 0 0 0 0 0 
0.002645 0 0 0 0 0 0.23 0 0 0 0 0 
0.00288 0 0 0 0 0 0.24 0 0 0 0 0 
0.003125 0 0 0 0 0 0.25 0 0 0 0 0 
0.00338 0 0 0 0 0 0.26 0 0 0 0 0 
0.003645 0 0 0 0 0 0.27 0 0 0 0 0 
0.00392 0 0 0 0 0 0.28 0 0 0 0 0 
0.004205 0 0 0 0 0 0.29 0 0 0 0 0 
0.0045 0 0 0 0 0 0.3 0 0 0 0 0 
0.004805 0 0 0 0 0 0.31 0 0 0 0 0 
0.00512 0 0 0 0 0 0.32 0 0 0 0 0 
0.005445 0 0 0 0 0 0.33 0 0 0 0 0 
0.00578 0 0 0 0 0 0.34 0 0 0 0 0 
0.006125 0 0 0 0 0 0.35 0 0 0 0 0 
0.00648 0 0 0 0 0 0.36 0 0 0 0 0 
0.006845 0 0 0 0 0 0.37 0 0 0 0 0 
0.00722 0 0 0 0 0 0.38 0 0 0 0 0 
0.007605 0 0 0 0 0 0.39 0 0 0 0 0 
0.008 0 0 0 0 0 0.4 0 0 0 0 0 
0.008405 0 0 0 0 0 0.41 0 0 0 0 0 
0.00882 0 0 0 0 0 0.42 0 0 0 0 0 
0.009245 0 0 0 0 0 0.43 0 0 0 0 0 
0.00968 0 0 0 0 0 0.44 0 0 0 0 0 
0.010125 0 0 0 0 0 0.45 0 0 0 0 0 
0.01058 0 0 0 0 0 0.46 0 0 0 0 0 
0.011045 0 0 0 0 0 0.47 0 0 0 0 0 
0.01152 0 0 0 0 0 0.48 0 0 0 0 0 
0.012005 0 0 0 0 0 0.49 0 0 0 0 0 
0.0125 0 0 0 0 0 0.5 0 0 0 0 0 
0.013005 0 0 0 0 0 0.51 0 0 0 0 0 
0.01352 0 0 0 0 0 0.52 0 0 0 0 0 
0.014045 0 0 0 0 0 0.53 0 0 0 0 0 
0.01458 0 0 0 0 0 0.54 0 0 0 0 0 
0.015125 0 0 0 0 0 0.55 0 0 0 0 0 
0.01568 0 0 0 0 0 0.56 0 0 0 0 0 
0.016245 0 0 0 0 0 0.57 0 0 0 0 0 
0.01682 0 0 0 0 0 0.58 0 0 0 0 0 
0.017405 0 0 0 0 0 0.59 0 0 0 0 0 
0.018 0 0 0 0 0 0.6 0 0 0 0 0 
0.018605 0 0 0 0 0 0.61 0 0 0 0 0 
0.01922 0 0 0 0 0 0.62 0 0 0 0 0 
0.019845 0 0 0 0 0 0.63 0 0 0 0 0 
0.02048 0 0 0 0 0 0.64 0 0 0 0 0 
0.021125 0 0 0 0 0 0.65 0 0 0 0 0 
0.02178 0 0 0 0 0 0.66 0 0 0 0 0 
0.022445 0 0 0 0 0 0.67 0 0 0 0 0 
0.02312 0 0 0 0 0 0.68 0 0 0 0 0 
0.023805 0 0 0 0 0 0.69 0 0 0 0 0 
0.0245 0 0 0 0 0 0.7 0 0 0 0 0 
0.025205 0 0 0 0 0 0.71 0 0 0 0 0 
0.02592 0 0 0 0 0 0.72 0 0 0 0 0 
0.026645 0 0 0 0 0 0.73 0 0 0 0 0 
0.02738 0 0 0 0 0 0.74 0 0 0 0 0 
0.028125 0 0 0 0 0 0.75 0 0 0 0 0 
0.02888 0 0 0 0 0 0.76 0 0 0 0 0 
0.029645 0 0 0 0 0 0.77 0 0 0 0 0 
0.03042 0 0 0 0 0 0.78 0 0 0 0 0 
0.031205 0 0 0 0 0 0.79 0 0 0 0 0 
0.032 0 0 0 0 0 0.8 0 0 0 0 0 
0.032805 0 0 0 0 0 0.81 0 0 0 0 0 
0.03362 0 0 0 0 0 0.82 0 0 0 0 0 
0.034445 0 0 0 0 0 0.83 0 0 0 0 0 
0.03528 0 0 0 0 0 0.84 0 0 0 0 0 
0.036125 0 0 0 0 0 0.85 0 0 0 0 0 
0.03698 0 0 0 0 0 0.86 0 0 0 0 0 
0.037845 0 0 0 0 0 0.87 0 0 0 0 0 
0.03872 0 0 0 0 0 0.88 0 0 0 0 0 
0.039605 0 0 0 0 0 0.89 0 0 0 0 0 
0.0405 0 0 0 0 0 0.9 0 0 0 0 0 
0.041405 0 0 0 0 0 0.91 0 0 0 0 0 
0.04232 0 0 0 0 0 0.92 0 0 0 0 0 
0.043245 0 0 0 0 0 0.93 0 0 0 0 0 
0.04418 0 0 0 0 0 0.94 0 0 0 0 0 
0.045125 0 0 0 0 0 0.95 0 0 0 0 0 
0.04608 0 0 0 0 0 0.96 0 0 0 0 0 
0.047045 0 0 0 0 0 0.97 0 0 0 0 0 
0.04802 0 0 0 0 0 0.98 0 0 0 0 0 
0.049005 0 0 0 0 0 0.99 0 0 0 0 0 
0.05 0 0 0 0 0 1 0 0 0 0 0 
0.050995 0 0 0 0 0 0.99 0 0 0 0 0 
0.05198 0 0 0 0 0 0.98 0 0 0 0 0 
0.052955 0 0 0 0 0 0.97 0 0 0 0 0 
0.05392 0 0 0 0 0 0.96 0 0 0 0 0 
0.054875 0 0 0 0 0 0.95 0 0 0 0 0 
0.05582 0 0 0 0 0 0.94 0 0 0 0 0 
0.056755 0 0 0 0 0 0.93 0 0 0 0 0 
0.05768 0 0 0 0 0 0.92 0 0 0 0 0 
0.058595 0 0 0 0 0 0.91 0 0 0 0 0 
0.0595 0 0 0 0 0 0.9 0 0 0 0 0 
0.060395 0 0 0 0 0 0.89 0 0 0 0 0 
0.06128 0 0 0 0 0 0.88 0 0 0 0 0 
0.062155 0 0 0 0 0 0.87 0 0 0 0 0 
0.06302 0 0 0 0 0 0.86 0 0 0 0 0 
0.063875 0 0 0 0 0 0.85 0 0 0 0 0 
0.06472 0 0 0 0 0 0.84 0 0 0 0 0 
0.065555 0 0 0 0 0 0.83 0 0 0 0 0 
0.06638 0 0 0 0 0 0.82 0 0 0 0 0 
0.067195 0 0 0 0 0 0.81 0 0 0 0 0 
0.068 0 0 0 0 0 0.8 0 0 0 0 0 
0.068795 0 0 0 0 0 0.79 0 0 0 0 0 
0.06958 0 0 0 0 0 0.78 0 0 0 0 0 
0.070355 0 0 0 0 0 0.77 0 0 0 0 0 
0.07112 0 0 0 0 0 0.76 0 0 0 0 0 
0.071875 0 0 0 0 0 0.75 0 0 0 0 0 
0.07262 0 0 0 0 0 0.74 0 0 0 0 0 
0.073355 0 0 0 0 0 0.73 0 0 0 0 0 
0.07408 0 0 0 0 0 0.72 0 0 0 0 0 
0.074795 0 0 0 0 0 0.71 0 0 0 0 0 
0.0755 0 0 0 0 0 0.7 0 0 0 0 0 
0.076195 0 0 0 0 0 0.69 0 0 0 0 0 
0.07688 0 0 0 0 0 0.68 0 0 0 0 0 
0.077555 0 0 0 0 0 0.67 0 0 0 0 0 
0.07822 0 0 0 0 0 0.66 0 0 0 0 0 
0.078875 0 0 0 0 0 0.65 0 0 0 0 0 
0.07952 0 0 0 0 0 0.64 0 0 0 0 0 
0.080155 0 0 0 0 0 0.63 0 0 0 0 0 
0.08078 0 0 0 0 0 0.62 0 0 0 0 0 
0.081395 0 0 0 0 0 0.61 0 0 0 0 0 
0.082 0 0 0 0 0 0.6 0 0 0 0 0 
0.082595 0 0 0 0 0 0.59 0 0 0 0 0 
0.08318 0 0 0 0 0 0.58 0 0 0 0 0 
0.083755 0 0 0 0 0 0.57 0 0 0 0 0 
0.08432 0 0 0 0 0 0.56 0 0 0 0 0 
0.084875 0 0 0 0 0 0.55 0 0 0 0 0 
0.08542 0 0 0 0 0 0.54 0 0 0 0 0 
0.085955 0 0 0 0 0 0.53 0 0 0 0 0 
0.08648 0 0 0 0 0 0.52 0 0 0 0 0 
0.086995 0 0 0 0 0 0.51 0 0 0 0 0 
0.0875 0 0 0 0 0 0.5 0 0 0 0 0 
0.087995 0 0 0 0 0 0.49 0 0 0 0 0 
0.08848 0 0 0 0 0 0.48 0 0 0 0 0 
0.088955 0 0 0 0 0 0.47 0 0 0 0 0 
0.08942 0 0 0 0 0 0.46 0 0 0 0 0 
0.089875 0 0 0 0 0 0.45 0 0 0 0 0 
0.09032 0 0 0 0 0 0.44 0 0 0 0 0 
0.090755 0 0 0 0 0 0.43 0 0 0 0 0 
0.09118 0 0 0 0 0 0.42 0 0 0 0 0 
0.091595 0 0 0 0 0 0.41 0 0 0 0 0 
0.092 0 0 0 0 0 0.4 0 0 0 0 0 
0.092395 0 0 0 0 0 0.39 0 0 0 0 0 
0.09278 0 0 0 0 0 0.38 0 0 0 0 0 
0.093155 0 0 0 0 0 0.37 0 0 0 0 0 
0.09352 0 0 0 0 0 0.36 0 0 0 0 0 
0.093875 0 0 0 0 0 0.35 0 0 0 0 0 
0.09422 0 0 0 0 0 0.34 0 0 0 0 0 
0.094555 0 0 0 0 0 0.33 0 0 0 0 0 
0.09488 0 0 0 0 0 0.32 0 0 0 0 0 
0.095195 0 0 0 0 0 0.31 0 0 0 0 0 
0.0955 0 0 0 0 0 0.3 0 0 0 0 0 
0.095795 0 0 0 0 0 0.29 0 0 0 0 0 
0.09608 0 0 0 0 0 0.28 0 0 0 0 0 
0.096355 0 0 0 0 0 0.27 0 0 0 0 0 
0.09662 0 0 0 0 0 0.26 0 0 0 0 0 
0.096875 0 0 0 0 0 0.25 0 0 0 0 0 
0.09712 0 0 0 0 0 0.24 0 0 0 0 0 
0.097355 0 0 0 0 0 0.23 0 0 0 0 0 
0.09758 0 0 0 0 0 0.22 0 0 0 0 0 
0.097795 0 0 0 0 0 0.21 0 0 0 0 0 
0.098 0 0 0 0 0 0.2 0 0 0 0 0 
0.098195 0 0 0 0 0 0.19 0 0 0 0 0 
0.09838 0 0 0 0 0 0.18 0 0 0 0 0 
0.098555 0 0 0 0 0 0.17 0 0 0 0 0 
0.09872 0 0 0 0 0 0.16 0 0 0 0 0 
0.098875 0 0 0 0 0 0.15 0 0 0 0 0 
0.09902 0 0 0 0 0 0.14 0 0 0 0 0 
0.099155 0 0 0 0 0 0.13 0 0 0 0 0 
0.09928 0 0 0 0 0 0.12 0 0 0 0 0 
0.099395 0 0 0 0 0 0.11 0 0 0 0 0 
0.0995 0 0 0 0 0 0.1 0 0 0 0 0 
0.099595 0 0 0 0 0 0.09 0 0 0 0 0 
0.09968 0 0 0 0 0 0.08 0 0 0 0 0 
0.099755 0 0 0 0 0 0.07 0 0 0 0 0 
0.09982 0 0 0 0 0 0.06 0 0 0 0 0 
0.099875 0 0 0 0 0 0.05 0 0 0 0 0 
0.09992 0 0 0 0 0 0.04 0 0 0 0 0 
0.099955 0 0 0 0 0 0.03 0 0 0 0 0 
0.09998 0 0 0 0 0 0.02 0 0 0 0 0 
0.099995 0 0 0 0 0 0.01 0 0 0 0 0 
0.1 0 0 0 0 0 -3.37621e-15 0 0 0 0 0 
0.1 0 0 0 0 0 0 0 0 0 0 0 
